"No.","Time","Source","Destination","Protocol","Length","Info"
"1","0.000000","Buffalo_75:d5:82","Broadcast","ARP","42","Who has 192.168.11.129? Tell 192.168.11.1"
"2","1.023044","Buffalo_75:d5:82","Broadcast","ARP","42","Who has 192.168.11.129? Tell 192.168.11.1"
"3","1.630708","192.168.11.20","151.101.42.49","TLSv1.2","179","Application Data"
"4","1.636582","151.101.42.49","192.168.11.20","TLSv1.2","280","Application Data"
"5","1.636638","192.168.11.20","151.101.42.49","TCP","66","63739  >  443 [ACK] Seq=114 Ack=215 Win=4089 Len=0 TSval=596184523 TSecr=3673323534"
"6","1.667357","192.168.11.20","172.217.6.35","TCP","54","63831  >  443 [ACK] Seq=1 Ack=1 Win=4096 Len=0"
"7","1.671982","172.217.6.35","192.168.11.20","TCP","66","[TCP ACKed unseen segment] 443  >  63831 [ACK] Seq=1 Ack=2 Win=179 Len=0 TSval=972421693 TSecr=595958859"
"8","2.662962","192.168.11.63","255.255.255.255","DB-LSP-DISC","236","Dropbox LAN sync Discovery Protocol"
"9","2.665355","192.168.11.63","192.168.11.255","DB-LSP-DISC","236","Dropbox LAN sync Discovery Protocol"
"10","4.916745","192.168.11.5","239.255.255.250","SSDP","169","M-SEARCH * HTTP/1.1 "
"11","6.097026","192.168.11.20","224.0.0.251","MDNS","99","Standard query 0x0000 PTR 94330805._sub._apple-mobdev2._tcp.local, ""QM"" question"
"12","6.097988","fe80::1877:eec8:567d:eb60","ff02::fb","MDNS","119","Standard query 0x0000 PTR 94330805._sub._apple-mobdev2._tcp.local, ""QM"" question"
"13","6.194395","162.125.18.133","192.168.11.20","TLSv1.2","323","Application Data"
"14","6.194469","192.168.11.20","162.125.18.133","TCP","66","63802  >  443 [ACK] Seq=1 Ack=258 Win=4087 Len=0 TSval=596189078 TSecr=2225845376"
"15","6.197538","192.168.11.20","162.125.18.133","TLSv1.2","1083","Application Data"
"16","6.273045","162.125.18.133","192.168.11.20","TCP","66","443  >  63802 [ACK] Seq=258 Ack=1018 Win=114 Len=0 TSval=2225845396 TSecr=596189081"
"17","7.576446","Buffalo_75:d5:82","Broadcast","ARP","42","Who has 192.168.11.129? Tell 192.168.11.1"
"18","8.602293","Buffalo_75:d5:82","Broadcast","ARP","42","Who has 192.168.11.129? Tell 192.168.11.1"
"19","9.013317","192.168.11.5","192.168.11.255","UDP","86","57621  >  57621 Len=44"
"20","9.624354","Buffalo_75:d5:82","Broadcast","ARP","42","Who has 192.168.11.129? Tell 192.168.11.1"
"21","9.647163","192.168.11.20","151.101.42.49","TLSv1.2","179","Application Data"
"22","9.660909","151.101.42.49","192.168.11.20","TCP","1514","443  >  63739 [ACK] Seq=215 Ack=227 Win=61 Len=1448 TSval=3673325540 TSecr=596192527 [TCP segment of a reassembled PDU]"
"23","9.661059","151.101.42.49","192.168.11.20","TLSv1.2","1406","Application Data"
"24","9.661113","192.168.11.20","151.101.42.49","TCP","66","63739  >  443 [ACK] Seq=227 Ack=3003 Win=4054 Len=0 TSval=596192540 TSecr=3673325540"
"25","9.661739","151.101.42.49","192.168.11.20","TCP","1514","443  >  63739 [ACK] Seq=3003 Ack=227 Win=61 Len=1448 TSval=3673325540 TSecr=596192527 [TCP segment of a reassembled PDU]"
"26","9.662891","151.101.42.49","192.168.11.20","TLSv1.2","1406","Application Data"
"27","9.662896","151.101.42.49","192.168.11.20","TLSv1.2","464","Application Data"
"28","9.662957","192.168.11.20","151.101.42.49","TCP","66","63739  >  443 [ACK] Seq=227 Ack=5791 Win=4054 Len=0 TSval=596192541 TSecr=3673325540"
"29","9.662957","192.168.11.20","151.101.42.49","TCP","66","63739  >  443 [ACK] Seq=227 Ack=6189 Win=4041 Len=0 TSval=596192541 TSecr=3673325540"
"30","9.669525","192.168.11.20","151.101.42.49","TLSv1.2","179","Application Data"
"31","9.674410","151.101.42.49","192.168.11.20","TLSv1.2","265","Application Data"
"32","9.674481","192.168.11.20","151.101.42.49","TCP","66","63739  >  443 [ACK] Seq=340 Ack=6388 Win=4089 Len=0 TSval=596192551 TSecr=3673325544"
"33","9.862518","192.168.11.20","151.101.40.133","TCP","54","63826  >  443 [ACK] Seq=1 Ack=1 Win=4096 Len=0"
"34","9.890388","151.101.40.133","192.168.11.20","TCP","66","[TCP ACKed unseen segment] 443  >  63826 [ACK] Seq=1 Ack=2 Win=61 Len=0 TSval=2118626653 TSecr=595697519"
"35","9.890415","192.168.11.20","74.125.28.189","QUIC","65","Payload (Encrypted), PKN: 107, CID: 10299038160135888930"
"36","9.921697","74.125.28.189","192.168.11.20","QUIC","72","Payload (Encrypted), PKN: 132"
"37","11.489878","192.168.11.20","151.101.40.133","TCP","54","63827  >  443 [ACK] Seq=1 Ack=1 Win=4096 Len=0"
"38","11.647924","151.101.40.133","192.168.11.20","TCP","66","[TCP ACKed unseen segment] 443  >  63827 [ACK] Seq=1 Ack=2 Win=61 Len=0 TSval=3737685542 TSecr=595697524"
"39","12.679917","192.168.11.20","255.255.255.255","DB-LSP-DISC","238","Dropbox LAN sync Discovery Protocol"
"40","12.680202","192.168.11.20","192.168.11.255","DB-LSP-DISC","238","Dropbox LAN sync Discovery Protocol"
"41","14.744089","Buffalo_75:d5:82","Broadcast","ARP","42","Who has 192.168.11.129? Tell 192.168.11.1"
"42","15.668040","172.217.6.35","192.168.11.20","TLSv1.2","129","[TCP ACKed unseen segment] , Application Data"
"43","15.668047","172.217.6.35","192.168.11.20","TCP","66","[TCP ACKed unseen segment] 443  >  63831 [FIN, ACK] Seq=64 Ack=2 Win=179 Len=0 TSval=972435662 TSecr=595958859"
"44","15.668194","192.168.11.20","172.217.6.35","TCP","66","[TCP Previous segment not captured] 63831  >  443 [ACK] Seq=2 Ack=64 Win=4094 Len=0 TSval=596198539 TSecr=972435662"
"45","15.668195","192.168.11.20","172.217.6.35","TCP","66","63831  >  443 [ACK] Seq=2 Ack=65 Win=4094 Len=0 TSval=596198539 TSecr=972435662"
"46","15.668347","172.217.6.35","192.168.11.20","TCP","66","[TCP ACKed unseen segment] [TCP Out-Of-Order] 443  >  63831 [FIN, ACK] Seq=64 Ack=2 Win=179 Len=0 TSval=972435674 TSecr=595958859"
"47","15.668370","192.168.11.20","172.217.6.35","TCP","66","63831  >  443 [FIN, ACK] Seq=2 Ack=65 Win=4096 Len=0 TSval=596198539 TSecr=972435662"
"48","15.668445","192.168.11.20","172.217.6.35","TCP","66","[TCP Out-Of-Order] 63831  >  443 [FIN, ACK] Seq=2 Ack=65 Win=4096 Len=0 TSval=596198539 TSecr=972435662"
"49","15.673262","172.217.6.35","192.168.11.20","TCP","66","443  >  63831 [ACK] Seq=65 Ack=3 Win=179 Len=0 TSval=972435695 TSecr=596198539"
"50","15.673270","172.217.6.35","192.168.11.20","TCP","66","[TCP Dup ACK 49#1] 443  >  63831 [ACK] Seq=65 Ack=3 Win=179 Len=0 TSval=972435695 TSecr=596198539"
"51","15.673391","192.168.11.20","172.217.6.35","TCP","54","63831  >  443 [RST] Seq=3 Win=0 Len=0"
"52","15.768159","Buffalo_75:d5:82","Broadcast","ARP","42","Who has 192.168.11.129? Tell 192.168.11.1"
"53","16.792090","Buffalo_75:d5:82","Broadcast","ARP","42","Who has 192.168.11.129? Tell 192.168.11.1"
"54","17.682018","192.168.11.20","151.101.42.49","TLSv1.2","179","Application Data"
"55","17.688409","151.101.42.49","192.168.11.20","TLSv1.2","247","Application Data"
"56","17.688483","192.168.11.20","151.101.42.49","TCP","66","63739  >  443 [ACK] Seq=453 Ack=6569 Win=4090 Len=0 TSval=596200555 TSecr=3673327547"
"57","17.816328","fe80::14d3:3841:e751:b34e","ff02::2","ICMPv6","70","Router Solicitation from cc:20:e8:0e:29:32"
"58","17.817266","Buffalo_75:d5:82","Broadcast","ARP","42","Who has 192.168.11.129? Tell 192.168.11.1"
"59","18.226942","192.168.11.64","224.0.0.251","MDNS","181","Standard query 0x0000 PTR _raop._tcp.local, ""QU"" question PTR _airplay._tcp.local, ""QU"" question PTR _homekit._tcp.local, ""QU"" question PTR _companion-link._tcp.local, ""QU"" question PTR _sleep-proxy._udp.local, ""QU"" question OPT"
"60","18.229095","fe80::14d3:3841:e751:b34e","ff02::fb","MDNS","201","Standard query 0x0000 PTR _raop._tcp.local, ""QU"" question PTR _airplay._tcp.local, ""QU"" question PTR _homekit._tcp.local, ""QU"" question PTR _companion-link._tcp.local, ""QU"" question PTR _sleep-proxy._udp.local, ""QU"" question OPT"
"61","18.402725","192.168.11.20","192.168.11.64","MDNS","395","Standard query response 0x0000 PTR Alex\\342\\200\\231s MacBook Pro._companion-link._tcp.local SRV, cache flush 0 0 63745 Alexs-MacBook-Pro.local TXT, cache flush TXT AAAA, cache flush fe80::1877:eec8:567d:eb60 A, cache flush 192.168.11.20"
"62","18.840073","Buffalo_75:d5:82","Broadcast","ARP","42","Who has 192.168.11.129? Tell 192.168.11.1"
"63","19.044919","192.168.11.64","224.0.0.2","IGMPv2","46","Leave Group 224.0.0.251"
"64","19.045780","192.168.11.64","224.0.0.251","IGMPv2","46","Membership Report group 224.0.0.251"
"65","19.252519","192.168.11.64","224.0.0.251","MDNS","216","Standard query 0x0000 PTR _raop._tcp.local, ""QM"" question PTR _airplay._tcp.local, ""QM"" question PTR _homekit._tcp.local, ""QM"" question PTR _companion-link._tcp.local, ""QM"" question PTR _sleep-proxy._udp.local, ""QM"" question PTR Alex\\342\\200\\231s MacBook Pro._companion-link._tcp.local OPT"
"66","19.255215","fe80::14d3:3841:e751:b34e","ff02::fb","MDNS","236","Standard query 0x0000 PTR _raop._tcp.local, ""QM"" question PTR _airplay._tcp.local, ""QM"" question PTR _homekit._tcp.local, ""QM"" question PTR _companion-link._tcp.local, ""QM"" question PTR _sleep-proxy._udp.local, ""QM"" question PTR Alex\\342\\200\\231s MacBook Pro._companion-link._tcp.local OPT"
"67","19.864044","Buffalo_75:d5:82","Broadcast","ARP","42","Who has 192.168.11.129? Tell 192.168.11.1"
"68","20.888932","Buffalo_75:d5:82","Broadcast","ARP","42","Who has 192.168.11.129? Tell 192.168.11.1"
"69","21.911834","Buffalo_75:d5:82","Broadcast","ARP","42","Who has 192.168.11.129? Tell 192.168.11.1"
"70","22.015135","74.125.28.189","192.168.11.20","QUIC","81","Payload (Encrypted), PKN: 133"
"71","22.015142","74.125.28.189","192.168.11.20","QUIC","60","Payload (Encrypted), PKN: 134"
"72","22.024302","192.168.11.20","74.125.28.189","QUIC","83","Payload (Encrypted), PKN: 108, CID: 10299038160135888930"
"73","22.207682","192.168.11.20","74.125.28.189","QUIC","340","Payload (Encrypted), PKN: 109, CID: 10299038160135888930"
"74","22.247107","74.125.28.189","192.168.11.20","QUIC","72","Payload (Encrypted), PKN: 135"
"75","22.296521","74.125.28.189","192.168.11.20","QUIC","230","Payload (Encrypted), PKN: 136"
"76","22.296526","74.125.28.189","192.168.11.20","QUIC","79","Payload (Encrypted), PKN: 137"
"77","22.305447","192.168.11.20","74.125.28.189","QUIC","83","Payload (Encrypted), PKN: 110, CID: 10299038160135888930"
"78","22.938361","192.168.11.76","239.255.255.250","SSDP","214","M-SEARCH * HTTP/1.1 "
"79","22.939573","Buffalo_75:d5:82","Broadcast","ARP","42","Who has 192.168.11.129? Tell 192.168.11.1"
"80","23.961318","192.168.11.76","239.255.255.250","SSDP","214","M-SEARCH * HTTP/1.1 "
"81","23.962106","Buffalo_75:d5:82","Broadcast","ARP","42","Who has 192.168.11.129? Tell 192.168.11.1"
"82","24.985294","192.168.11.76","239.255.255.250","SSDP","214","M-SEARCH * HTTP/1.1 "
"83","24.986259","Buffalo_75:d5:82","Broadcast","ARP","42","Who has 192.168.11.129? Tell 192.168.11.1"
"84","25.696506","192.168.11.20","151.101.42.49","TLSv1.2","179","Application Data"
"85","25.700937","151.101.42.49","192.168.11.20","TLSv1.2","584","Application Data"
"86","25.700998","192.168.11.20","151.101.42.49","TCP","66","63739  >  443 [ACK] Seq=566 Ack=7087 Win=4079 Len=0 TSval=596208563 TSecr=3673329550"
"87","26.009379","192.168.11.76","239.255.255.250","SSDP","214","M-SEARCH * HTTP/1.1 "
"88","26.010382","Buffalo_75:d5:82","Broadcast","ARP","42","Who has 192.168.11.129? Tell 192.168.11.1"
"89","27.031796","Buffalo_75:d5:82","Broadcast","ARP","42","Who has 192.168.11.129? Tell 192.168.11.1"
"90","28.056226","Buffalo_75:d5:82","Broadcast","ARP","42","Who has 192.168.11.129? Tell 192.168.11.1"
"91","28.876333","192.168.11.119","192.168.11.255","NBNS","110","Refresh NB MACBOOK-PRO<00>"
"92","29.083694","192.168.11.5","192.168.11.255","NBNS","92","Name query NB SHYAMS<20>"
"93","29.084564","Buffalo_75:d5:82","Broadcast","ARP","42","Who has 192.168.11.129? Tell 192.168.11.1"
"94","30.103887","Buffalo_75:d5:82","Broadcast","ARP","42","Who has 192.168.11.129? Tell 192.168.11.1"
"95","31.127580","Buffalo_75:d5:82","Broadcast","ARP","42","Who has 192.168.11.129? Tell 192.168.11.1"
"96","32.153445","Buffalo_75:d5:82","Broadcast","ARP","42","Who has 192.168.11.129? Tell 192.168.11.1"
"97","32.767473","192.168.11.63","255.255.255.255","DB-LSP-DISC","236","Dropbox LAN sync Discovery Protocol"
"98","32.769980","192.168.11.63","192.168.11.255","DB-LSP-DISC","236","Dropbox LAN sync Discovery Protocol"
"99","33.175783","Buffalo_75:d5:82","Broadcast","ARP","42","Who has 192.168.11.129? Tell 192.168.11.1"
"100","33.708395","192.168.11.20","151.101.42.49","TLSv1.2","179","Application Data"
"101","33.724926","151.101.42.49","192.168.11.20","TLSv1.2","268","Application Data"
"102","33.724994","192.168.11.20","151.101.42.49","TCP","66","63739  >  443 [ACK] Seq=679 Ack=7289 Win=4089 Len=0 TSval=596216582 TSecr=3673331556"
"103","34.199415","Buffalo_75:d5:82","Broadcast","ARP","42","Who has 192.168.11.129? Tell 192.168.11.1"
"104","35.223562","Buffalo_75:d5:82","Broadcast","ARP","42","Who has 192.168.11.129? Tell 192.168.11.1"
"105","36.103166","192.168.11.20","172.217.6.37","TCP","54","63832  >  443 [ACK] Seq=1 Ack=1 Win=4096 Len=0"
"106","36.108496","172.217.6.37","192.168.11.20","TCP","66","[TCP ACKed unseen segment] 443  >  63832 [ACK] Seq=1 Ack=2 Win=205 Len=0 TSval=812863926 TSecr=596083886"
"107","36.247375","Buffalo_75:d5:82","Broadcast","ARP","42","Who has 192.168.11.129? Tell 192.168.11.1"
"108","37.207800","192.168.11.20","74.125.28.189","QUIC","65","Payload (Encrypted), PKN: 111, CID: 10299038160135888930"
"109","37.239846","74.125.28.189","192.168.11.20","QUIC","72","Payload (Encrypted), PKN: 138"
"110","37.271409","Buffalo_75:d5:82","Broadcast","ARP","42","Who has 192.168.11.129? Tell 192.168.11.1"
"111","37.821727","192.168.11.20","151.101.40.133","TCP","66","[TCP Previous segment not captured] 63826  >  443 [FIN, ACK] Seq=2 Ack=1 Win=4096 Len=0 TSval=596220672 TSecr=2118626653"
"112","37.822618","192.168.11.20","151.101.40.133","TCP","66","[TCP Previous segment not captured] 63827  >  443 [FIN, ACK] Seq=2 Ack=1 Win=4096 Len=0 TSval=596220672 TSecr=3737685542"
"113","37.822618","192.168.11.20","192.168.11.1","DNS","74","Standard query 0x8a4f A www.google.com"
"114","37.825484","192.168.11.1","192.168.11.20","DNS","90","Standard query response 0x8a4f A www.google.com A 216.58.194.164"
"115","37.825786","192.168.11.20","216.58.194.164","TCP","78","63837  >  443 [SYN] Seq=0 Win=65535 Len=0 MSS=1460 WS=32 TSval=596220676 TSecr=0 SACK_PERM=1"
"116","37.826345","151.101.40.133","192.168.11.20","TLSv1.2","97","[TCP ACKed unseen segment] , Encrypted Alert"
"117","37.826394","192.168.11.20","151.101.40.133","TCP","54","63827  >  443 [RST] Seq=3 Win=0 Len=0"
"118","37.826647","151.101.40.133","192.168.11.20","TCP","66","443  >  63827 [FIN, ACK] Seq=32 Ack=3 Win=61 Len=0 TSval=3737692088 TSecr=596220672"
"119","37.826651","151.101.40.133","192.168.11.20","TLSv1.2","97","[TCP ACKed unseen segment] , Encrypted Alert"
"120","37.826652","151.101.40.133","192.168.11.20","TCP","66","443  >  63826 [FIN, ACK] Seq=32 Ack=3 Win=61 Len=0 TSval=2118633637 TSecr=596220672"
"121","37.826680","192.168.11.20","151.101.40.133","TCP","54","63827  >  443 [RST] Seq=3 Win=0 Len=0"
"122","37.826711","192.168.11.20","151.101.40.133","TCP","54","63826  >  443 [RST] Seq=3 Win=0 Len=0"
"123","37.826712","192.168.11.20","151.101.40.133","TCP","54","63826  >  443 [RST] Seq=3 Win=0 Len=0"
"124","37.829844","216.58.194.164","192.168.11.20","TCP","74","443  >  63837 [SYN, ACK] Seq=0 Ack=1 Win=42408 Len=0 MSS=1380 SACK_PERM=1 TSval=270163257 TSecr=596220676 WS=256"
"125","37.829896","192.168.11.20","216.58.194.164","TCP","66","63837  >  443 [ACK] Seq=1 Ack=1 Win=131328 Len=0 TSval=596220680 TSecr=270163257"
"126","37.830124","192.168.11.20","216.58.194.164","TLSv1.2","586","Client Hello"
"127","37.835175","216.58.194.164","192.168.11.20","TCP","66","443  >  63837 [ACK] Seq=1 Ack=521 Win=43520 Len=0 TSval=270163262 TSecr=596220680"
"128","37.835435","216.58.194.164","192.168.11.20","TLSv1.2","226","Server Hello, Change Cipher Spec, Encrypted Handshake Message"
"129","37.835486","192.168.11.20","216.58.194.164","TCP","66","63837  >  443 [ACK] Seq=521 Ack=161 Win=131168 Len=0 TSval=596220685 TSecr=270163262"
"130","37.835719","192.168.11.20","216.58.194.164","TLSv1.2","282","Change Cipher Spec, Encrypted Handshake Message, Encrypted Handshake Message"
"131","37.836579","192.168.11.20","216.58.194.164","TLSv1.2","159","Application Data"
"132","37.836845","192.168.11.20","216.58.194.164","TLSv1.2","1180","Application Data"
"133","37.840614","216.58.194.164","192.168.11.20","TCP","66","443  >  63837 [ACK] Seq=161 Ack=830 Win=44800 Len=0 TSval=270163268 TSecr=596220685"
"134","37.840786","216.58.194.164","192.168.11.20","TLSv1.2","135","Application Data"
"135","37.840789","216.58.194.164","192.168.11.20","TLSv1.2","104","Application Data"
"136","37.840836","192.168.11.20","216.58.194.164","TCP","66","63837  >  443 [ACK] Seq=1944 Ack=230 Win=131072 Len=0 TSval=596220689 TSecr=270163268"
"137","37.840836","192.168.11.20","216.58.194.164","TCP","66","63837  >  443 [ACK] Seq=1944 Ack=268 Win=131040 Len=0 TSval=596220689 TSecr=270163268"
"138","37.840985","192.168.11.20","216.58.194.164","TLSv1.2","104","Application Data"
"139","37.844664","216.58.194.164","192.168.11.20","TCP","66","443  >  63837 [ACK] Seq=268 Ack=1982 Win=46848 Len=0 TSval=270163272 TSecr=596220686"
"140","37.894922","216.58.194.164","192.168.11.20","TLSv1.2","530","Application Data"
"141","37.894926","216.58.194.164","192.168.11.20","TLSv1.2","235","Application Data, Application Data"
"142","37.894977","192.168.11.20","216.58.194.164","TCP","66","63837  >  443 [ACK] Seq=1982 Ack=732 Win=130592 Len=0 TSval=596220742 TSecr=270163320"
"143","37.894978","192.168.11.20","216.58.194.164","TCP","66","63837  >  443 [ACK] Seq=1982 Ack=901 Win=130432 Len=0 TSval=596220742 TSecr=270163320"
"144","37.895054","216.58.194.164","192.168.11.20","TLSv1.2","112","Application Data"
"145","37.895086","192.168.11.20","216.58.194.164","TCP","66","63837  >  443 [ACK] Seq=1982 Ack=947 Win=131008 Len=0 TSval=596220742 TSecr=270163320"
"146","37.895312","192.168.11.20","216.58.194.164","TLSv1.2","112","Application Data"
"147","37.905778","192.168.11.20","192.168.11.1","DNS","74","Standard query 0x5c50 A www.google.com"
"148","37.907020","192.168.11.1","192.168.11.20","DNS","90","Standard query response 0x5c50 A www.google.com A 216.58.194.164"
"149","37.907337","192.168.11.20","216.58.194.164","TCP","78","63838  >  443 [SYN] Seq=0 Win=65535 Len=0 MSS=1460 WS=32 TSval=596220753 TSecr=0 SACK_PERM=1"
"150","37.911458","216.58.194.164","192.168.11.20","TCP","74","443  >  63838 [SYN, ACK] Seq=0 Ack=1 Win=42408 Len=0 MSS=1380 SACK_PERM=1 TSval=2500975289 TSecr=596220753 WS=256"
"151","37.911530","192.168.11.20","216.58.194.164","TCP","66","63838  >  443 [ACK] Seq=1 Ack=1 Win=131328 Len=0 TSval=596220758 TSecr=2500975289"
"152","37.911929","192.168.11.20","216.58.194.164","TLSv1.2","583","Client Hello"
"153","37.917187","216.58.194.164","192.168.11.20","TCP","66","443  >  63838 [ACK] Seq=1 Ack=518 Win=43520 Len=0 TSval=2500975295 TSecr=596220758"
"154","37.917393","216.58.194.164","192.168.11.20","TLSv1.2","222","Server Hello, Change Cipher Spec, Encrypted Handshake Message"
"155","37.917438","192.168.11.20","216.58.194.164","TCP","66","63838  >  443 [ACK] Seq=518 Ack=157 Win=131168 Len=0 TSval=596220763 TSecr=2500975295"
"156","37.917568","192.168.11.20","216.58.194.164","TLSv1.2","117","Change Cipher Spec, Encrypted Handshake Message"
"157","37.918471","192.168.11.20","216.58.194.164","TLSv1.2","159","Application Data"
"158","37.918694","192.168.11.20","216.58.194.164","TLSv1.2","437","Application Data"
"159","37.922419","216.58.194.164","192.168.11.20","TCP","66","443  >  63838 [ACK] Seq=157 Ack=662 Win=43520 Len=0 TSval=2500975300 TSecr=596220763"
"160","37.922660","216.58.194.164","192.168.11.20","TLSv1.2","135","Application Data"
"161","37.922699","192.168.11.20","216.58.194.164","TCP","66","63838  >  443 [ACK] Seq=1033 Ack=226 Win=131072 Len=0 TSval=596220767 TSecr=2500975300"
"162","37.922823","192.168.11.20","216.58.194.164","TLSv1.2","104","Application Data"
"163","37.923105","216.58.194.164","192.168.11.20","TLSv1.2","104","Application Data"
"164","37.923137","192.168.11.20","216.58.194.164","TCP","66","63838  >  443 [ACK] Seq=1071 Ack=264 Win=131040 Len=0 TSval=596220767 TSecr=2500975300"
"165","37.927029","216.58.194.164","192.168.11.20","TCP","66","443  >  63838 [ACK] Seq=264 Ack=1071 Win=44800 Len=0 TSval=2500975305 TSecr=596220764"
"166","37.939634","216.58.194.164","192.168.11.20","TCP","66","443  >  63837 [ACK] Seq=947 Ack=2028 Win=46848 Len=0 TSval=270163326 TSecr=596220742"
"167","37.954989","216.58.194.164","192.168.11.20","TLSv1.2","327","Application Data"
"168","37.955043","192.168.11.20","216.58.194.164","TCP","66","63838  >  443 [ACK] Seq=1071 Ack=525 Win=130784 Len=0 TSval=596220797 TSecr=2500975333"
"169","37.955138","216.58.194.164","192.168.11.20","TLSv1.2","1484","Application Data"
"170","37.955171","192.168.11.20","216.58.194.164","TCP","66","63838  >  443 [ACK] Seq=1071 Ack=1943 Win=129632 Len=0 TSval=596220797 TSecr=2500975333"
"171","37.955386","216.58.194.164","192.168.11.20","TLSv1.2","401","Application Data, Application Data"
"172","37.955389","216.58.194.164","192.168.11.20","TLSv1.2","112","Application Data"
"173","37.955420","192.168.11.20","216.58.194.164","TCP","66","63838  >  443 [ACK] Seq=1071 Ack=2278 Win=129312 Len=0 TSval=596220797 TSecr=2500975333"
"174","37.955420","192.168.11.20","216.58.194.164","TCP","66","63838  >  443 [ACK] Seq=1071 Ack=2324 Win=129248 Len=0 TSval=596220797 TSecr=2500975333"
"175","37.955641","192.168.11.20","216.58.194.164","TLSv1.2","112","Application Data"
"176","37.998665","216.58.194.164","192.168.11.20","TCP","66","443  >  63838 [ACK] Seq=2324 Ack=1117 Win=44800 Len=0 TSval=2500975337 TSecr=596220797"
"177","38.147938","192.168.11.20","216.58.194.164","TLSv1.2","426","Application Data"
"178","38.151814","216.58.194.164","192.168.11.20","TCP","66","443  >  63837 [ACK] Seq=947 Ack=2388 Win=49152 Len=0 TSval=270163579 TSecr=596220987"
"179","38.165049","192.168.11.20","216.58.194.164","TLSv1.2","205","Application Data"
"180","38.168939","216.58.194.164","192.168.11.20","TCP","66","443  >  63837 [ACK] Seq=947 Ack=2527 Win=51456 Len=0 TSval=270163596 TSecr=596221003"
"181","38.175689","216.58.194.164","192.168.11.20","TLSv1.2","161","Application Data"
"182","38.175748","192.168.11.20","216.58.194.164","TCP","66","63837  >  443 [ACK] Seq=2527 Ack=1042 Win=130976 Len=0 TSval=596221013 TSecr=270163603"
"183","38.175827","216.58.194.164","192.168.11.20","TLSv1.2","104","Application Data"
"184","38.175858","192.168.11.20","216.58.194.164","TCP","66","63837  >  443 [ACK] Seq=2527 Ack=1080 Win=130912 Len=0 TSval=596221013 TSecr=270163603"
"185","38.176035","216.58.194.164","192.168.11.20","TLSv1.2","112","Application Data"
"186","38.176077","192.168.11.20","216.58.194.164","TCP","66","63837  >  443 [ACK] Seq=2527 Ack=1126 Win=130880 Len=0 TSval=596221013 TSecr=270163603"
"187","38.196017","192.168.11.20","216.58.194.164","TLSv1.2","112","Application Data"
"188","38.227216","192.168.11.20","216.58.194.164","TLSv1.2","341","Application Data"
"189","38.239521","216.58.194.164","192.168.11.20","TLSv1.2","349","Application Data"
"190","38.239584","192.168.11.20","216.58.194.164","TCP","66","63837  >  443 [ACK] Seq=2848 Ack=1409 Win=130784 Len=0 TSval=596221074 TSecr=270163667"
"191","38.240461","216.58.194.164","192.168.11.20","TLSv1.2","1484","Application Data"
"192","38.240495","192.168.11.20","216.58.194.164","TCP","66","63837  >  443 [ACK] Seq=2848 Ack=2827 Win=129632 Len=0 TSval=596221074 TSecr=270163667"
"193","38.240724","216.58.194.164","192.168.11.20","TLSv1.2","1484","Application Data"
"194","38.240728","216.58.194.164","192.168.11.20","TLSv1.2","1484","Application Data"
"195","38.240766","192.168.11.20","216.58.194.164","TCP","66","63837  >  443 [ACK] Seq=2848 Ack=5663 Win=126816 Len=0 TSval=596221075 TSecr=270163667"
"196","38.240784","192.168.11.20","216.58.194.164","TCP","66","[TCP Window Update] 63837  >  443 [ACK] Seq=2848 Ack=5663 Win=131072 Len=0 TSval=596221075 TSecr=270163667"
"197","38.240820","216.58.194.164","192.168.11.20","TLSv1.2","1484","Application Data"
"198","38.240925","216.58.194.164","192.168.11.20","TLSv1.2","1484","Application Data"
"199","38.240955","192.168.11.20","216.58.194.164","TCP","66","63837  >  443 [ACK] Seq=2848 Ack=8499 Win=129632 Len=0 TSval=596221075 TSecr=270163667"
"200","38.242194","216.58.194.164","192.168.11.20","TLSv1.2","307","Application Data"
"201","38.242243","192.168.11.20","216.58.194.164","TCP","66","63837  >  443 [ACK] Seq=2848 Ack=8740 Win=130816 Len=0 TSval=596221076 TSecr=270163667"
"202","38.242669","216.58.194.164","192.168.11.20","TLSv1.2","1484","Application Data"
"203","38.242709","192.168.11.20","216.58.194.164","TCP","66","63837  >  443 [ACK] Seq=2848 Ack=10158 Win=129632 Len=0 TSval=596221076 TSecr=270163668"
"204","38.242897","216.58.194.164","192.168.11.20","TLSv1.2","1484","Application Data"
"205","38.243344","192.168.11.20","216.58.194.164","TCP","66","63837  >  443 [ACK] Seq=2848 Ack=11576 Win=131072 Len=0 TSval=596221077 TSecr=270163668"
"206","38.243507","216.58.194.164","192.168.11.20","TLSv1.2","1484","Application Data"
"207","38.243510","216.58.194.164","192.168.11.20","TLSv1.2","1484","Application Data"
"208","38.243546","192.168.11.20","216.58.194.164","TCP","66","63837  >  443 [ACK] Seq=2848 Ack=12994 Win=129632 Len=0 TSval=596221077 TSecr=270163668"
"209","38.243601","216.58.194.164","192.168.11.20","TLSv1.2","1484","Application Data"
"210","38.243610","192.168.11.20","216.58.194.164","TCP","66","63837  >  443 [ACK] Seq=2848 Ack=14412 Win=131072 Len=0 TSval=596221077 TSecr=270163668"
"211","38.243708","216.58.194.164","192.168.11.20","TLSv1.2","1351","Application Data"
"212","38.243733","192.168.11.20","216.58.194.164","TCP","66","63837  >  443 [ACK] Seq=2848 Ack=17115 Win=129760 Len=0 TSval=596221077 TSecr=270163668"
"213","38.244344","216.58.194.164","192.168.11.20","TLSv1.2","1484","Application Data"
"214","38.244382","192.168.11.20","216.58.194.164","TCP","66","63837  >  443 [ACK] Seq=2848 Ack=18533 Win=129632 Len=0 TSval=596221078 TSecr=270163670"
"215","38.244683","216.58.194.164","192.168.11.20","TLSv1.2","1484","Application Data"
"216","38.244686","216.58.194.164","192.168.11.20","TLSv1.2","1484","Application Data"
"217","38.244734","216.58.194.164","192.168.11.20","TLSv1.2","1484","Application Data"
"218","38.244748","192.168.11.20","216.58.194.164","TCP","66","63837  >  443 [ACK] Seq=2848 Ack=21369 Win=128224 Len=0 TSval=596221078 TSecr=270163670"
"219","38.244893","192.168.11.20","216.58.194.164","TCP","66","63837  >  443 [ACK] Seq=2848 Ack=22787 Win=131072 Len=0 TSval=596221078 TSecr=270163670"
"220","38.244948","216.58.194.164","192.168.11.20","TLSv1.2","1484","Application Data"
"221","38.244950","216.58.194.164","192.168.11.20","TLSv1.2","1484","Application Data"
"222","38.244979","192.168.11.20","216.58.194.164","TCP","66","63837  >  443 [ACK] Seq=2848 Ack=25623 Win=128224 Len=0 TSval=596221078 TSecr=270163670"
"223","38.244986","192.168.11.20","216.58.194.164","TCP","66","[TCP Window Update] 63837  >  443 [ACK] Seq=2848 Ack=25623 Win=131072 Len=0 TSval=596221078 TSecr=270163670"
"224","38.245059","216.58.194.164","192.168.11.20","TLSv1.2","1484","Application Data"
"225","38.245161","216.58.194.164","192.168.11.20","TLSv1.2","1484","Application Data"
"226","38.245180","192.168.11.20","216.58.194.164","TCP","66","63837  >  443 [ACK] Seq=2848 Ack=28459 Win=129632 Len=0 TSval=596221078 TSecr=270163670"
"227","38.246196","216.58.194.164","192.168.11.20","TLSv1.2","1484","Application Data"
"228","38.246299","192.168.11.20","216.58.194.164","TCP","66","63837  >  443 [ACK] Seq=2848 Ack=29877 Win=131072 Len=0 TSval=596221079 TSecr=270163672"
"229","38.246396","216.58.194.164","192.168.11.20","TLSv1.2","1484","Application Data"
"230","38.246714","216.58.194.164","192.168.11.20","TLSv1.2","1484","Application Data"
"231","38.246716","216.58.194.164","192.168.11.20","TLSv1.2","1484","Application Data"
"232","38.246740","216.58.194.164","192.168.11.20","TLSv1.2","1484","Application Data [TCP segment of a reassembled PDU]"
"233","38.246773","192.168.11.20","216.58.194.164","TCP","66","63837  >  443 [ACK] Seq=2848 Ack=32713 Win=129632 Len=0 TSval=596221079 TSecr=270163672"
"234","38.246773","192.168.11.20","216.58.194.164","TCP","66","63837  >  443 [ACK] Seq=2848 Ack=35549 Win=126816 Len=0 TSval=596221079 TSecr=270163673"
"235","38.246826","192.168.11.20","216.58.194.164","TCP","66","[TCP Window Update] 63837  >  443 [ACK] Seq=2848 Ack=35549 Win=131072 Len=0 TSval=596221079 TSecr=270163673"
"236","38.246874","216.58.194.164","192.168.11.20","TLSv1.2","1484","Application Data [TCP segment of a reassembled PDU]"
"237","38.248209","216.58.194.164","192.168.11.20","TLSv1.2","1484","Application Data [TCP segment of a reassembled PDU]"
"238","38.248264","192.168.11.20","216.58.194.164","TCP","66","63837  >  443 [ACK] Seq=2848 Ack=38385 Win=129632 Len=0 TSval=596221081 TSecr=270163673"
"239","38.249066","216.58.194.164","192.168.11.20","TLSv1.2","1484","Application Data [TCP segment of a reassembled PDU]"
"240","38.249152","192.168.11.20","216.58.194.164","TCP","66","63837  >  443 [ACK] Seq=2848 Ack=39803 Win=131072 Len=0 TSval=596221081 TSecr=270163676"
"241","38.249310","216.58.194.164","192.168.11.20","TLSv1.2","1484","Application Data [TCP segment of a reassembled PDU]"
"242","38.249662","216.58.194.164","192.168.11.20","TLSv1.2","1484","Application Data [TCP segment of a reassembled PDU]"
"243","38.249665","216.58.194.164","192.168.11.20","TLSv1.2","1484","Application Data [TCP segment of a reassembled PDU]"
"244","38.249704","192.168.11.20","216.58.194.164","TCP","66","63837  >  443 [ACK] Seq=2848 Ack=42639 Win=129632 Len=0 TSval=596221082 TSecr=270163676"
"245","38.249714","192.168.11.20","216.58.194.164","TCP","66","63837  >  443 [ACK] Seq=2848 Ack=44057 Win=131072 Len=0 TSval=596221082 TSecr=270163676"
"246","38.250172","216.58.194.164","192.168.11.20","TLSv1.2","1484","Application Data [TCP segment of a reassembled PDU]"
"247","38.250439","216.58.194.164","192.168.11.20","TLSv1.2","1484","Application Data [TCP segment of a reassembled PDU]"
"248","38.250442","216.58.194.164","192.168.11.20","TLSv1.2","1484","Application Data [TCP segment of a reassembled PDU]"
"249","38.250478","192.168.11.20","216.58.194.164","TCP","66","63837  >  443 [ACK] Seq=2848 Ack=46893 Win=129632 Len=0 TSval=596221083 TSecr=270163676"
"250","38.250544","216.58.194.164","192.168.11.20","TLSv1.2","1484","Application Data [TCP segment of a reassembled PDU]"
"251","38.250557","192.168.11.20","216.58.194.164","TCP","66","63837  >  443 [ACK] Seq=2848 Ack=48311 Win=131072 Len=0 TSval=596221083 TSecr=270163676"
"252","38.250648","216.58.194.164","192.168.11.20","TLSv1.2","1484","Application Data [TCP segment of a reassembled PDU]"
"253","38.250673","192.168.11.20","216.58.194.164","TCP","66","63837  >  443 [ACK] Seq=2848 Ack=51147 Win=129632 Len=0 TSval=596221083 TSecr=270163676"
"254","38.250758","216.58.194.164","192.168.11.20","TLSv1.2","1484","Application Data [TCP segment of a reassembled PDU]"
"255","38.250864","216.58.194.164","192.168.11.20","TLSv1.2","1484","Application Data [TCP segment of a reassembled PDU]"
"256","38.250885","192.168.11.20","216.58.194.164","TCP","66","63837  >  443 [ACK] Seq=2848 Ack=52565 Win=131072 Len=0 TSval=596221083 TSecr=270163676"
"257","38.251341","216.58.194.164","192.168.11.20","TLSv1.2","1484","Application Data [TCP segment of a reassembled PDU]"
"258","38.251347","216.58.194.164","192.168.11.20","TLSv1.2","1484","Application Data [TCP segment of a reassembled PDU]"
"259","38.251388","216.58.194.164","192.168.11.20","TLSv1.2","1484","Application Data [TCP segment of a reassembled PDU]"
"260","38.251404","192.168.11.20","216.58.194.164","TCP","66","63837  >  443 [ACK] Seq=2848 Ack=55401 Win=129632 Len=0 TSval=596221083 TSecr=270163676"
"261","38.251405","192.168.11.20","216.58.194.164","TCP","66","63837  >  443 [ACK] Seq=2848 Ack=58237 Win=126816 Len=0 TSval=596221083 TSecr=270163676"
"262","38.251624","216.58.194.164","192.168.11.20","TLSv1.2","1484","Application Data [TCP segment of a reassembled PDU]"
"263","38.251627","216.58.194.164","192.168.11.20","TLSv1.2","1484","Application Data [TCP segment of a reassembled PDU]"
"264","38.251629","216.58.194.164","192.168.11.20","TLSv1.2","93","Application Data"
"265","38.251664","192.168.11.20","216.58.194.164","TCP","66","63837  >  443 [ACK] Seq=2848 Ack=61073 Win=123968 Len=0 TSval=596221084 TSecr=270163676"
"266","38.251664","192.168.11.20","216.58.194.164","TCP","66","63837  >  443 [ACK] Seq=2848 Ack=61100 Win=123936 Len=0 TSval=596221084 TSecr=270163676"
"267","38.251842","192.168.11.20","216.58.194.164","TCP","66","[TCP Window Update] 63837  >  443 [ACK] Seq=2848 Ack=61100 Win=131072 Len=0 TSval=596221084 TSecr=270163676"
"268","38.261023","216.58.194.164","192.168.11.20","TLSv1.2","301","Application Data"
"269","38.261073","192.168.11.20","216.58.194.164","TCP","66","63837  >  443 [ACK] Seq=2848 Ack=61335 Win=130816 Len=0 TSval=596221093 TSecr=270163688"
"270","38.261332","216.58.194.164","192.168.11.20","TLSv1.2","1484","Application Data"
"271","38.261360","192.168.11.20","216.58.194.164","TCP","66","63837  >  443 [ACK] Seq=2848 Ack=62753 Win=129632 Len=0 TSval=596221093 TSecr=270163688"
"272","38.261926","216.58.194.164","192.168.11.20","TLSv1.2","1219","Application Data"
"273","38.261929","216.58.194.164","192.168.11.20","TLSv1.2","104","Application Data"
"274","38.261958","192.168.11.20","216.58.194.164","TCP","66","63837  >  443 [ACK] Seq=2848 Ack=63906 Win=129888 Len=0 TSval=596221093 TSecr=270163688"
"275","38.261959","192.168.11.20","216.58.194.164","TCP","66","63837  >  443 [ACK] Seq=2848 Ack=63944 Win=129856 Len=0 TSval=596221093 TSecr=270163688"
"276","38.262142","216.58.194.164","192.168.11.20","TLSv1.2","112","Application Data"
"277","38.262170","192.168.11.20","216.58.194.164","TCP","66","63837  >  443 [ACK] Seq=2848 Ack=63990 Win=131008 Len=0 TSval=596221094 TSecr=270163688"
"278","38.263078","192.168.11.20","216.58.194.164","TLSv1.2","112","Application Data"
"279","38.266164","216.58.194.164","192.168.11.20","TLSv1.2","140","Application Data"
"280","38.266257","192.168.11.20","216.58.194.164","TCP","66","63837  >  443 [ACK] Seq=2894 Ack=64064 Win=130976 Len=0 TSval=596221098 TSecr=270163693"
"281","38.266540","216.58.194.164","192.168.11.20","TLSv1.2","104","Application Data"
"282","38.266624","192.168.11.20","216.58.194.164","TCP","66","63837  >  443 [ACK] Seq=2894 Ack=64102 Win=131008 Len=0 TSval=596221098 TSecr=270163694"
"283","38.295341","Buffalo_75:d5:82","Broadcast","ARP","42","Who has 192.168.11.129? Tell 192.168.11.1"
"284","38.296541","192.168.11.20","216.58.194.164","TLSv1.2","382","Application Data"
"285","38.300448","216.58.194.164","192.168.11.20","TCP","66","443  >  63837 [ACK] Seq=64102 Ack=3210 Win=55808 Len=0 TSval=270163728 TSecr=596221094"
"286","38.324658","216.58.194.164","192.168.11.20","TLSv1.2","140","Application Data"
"287","38.324662","216.58.194.164","192.168.11.20","TLSv1.2","104","Application Data"
"288","38.324735","192.168.11.20","216.58.194.164","TCP","66","63837  >  443 [ACK] Seq=3210 Ack=64176 Win=130976 Len=0 TSval=596221154 TSecr=270163752"
"289","38.324735","192.168.11.20","216.58.194.164","TCP","66","63837  >  443 [ACK] Seq=3210 Ack=64214 Win=130944 Len=0 TSval=596221154 TSecr=270163752"
"290","38.324953","216.58.194.164","192.168.11.20","TLSv1.2","112","Application Data"
"291","38.324988","192.168.11.20","216.58.194.164","TCP","66","63837  >  443 [ACK] Seq=3210 Ack=64260 Win=131008 Len=0 TSval=596221154 TSecr=270163752"
"292","38.325528","192.168.11.20","216.58.194.164","TLSv1.2","112","Application Data"
"293","38.371741","216.58.194.164","192.168.11.20","TCP","66","443  >  63837 [ACK] Seq=64260 Ack=3256 Win=55808 Len=0 TSval=270163759 TSecr=596221154"
"294","38.380441","192.168.11.20","216.58.194.164","TLSv1.2","223","Application Data"
"295","38.386204","192.168.11.20","216.58.194.164","TLSv1.2","259","Application Data"
"296","38.392377","216.58.194.164","192.168.11.20","TCP","66","443  >  63837 [ACK] Seq=64260 Ack=3413 Win=58112 Len=0 TSval=270163820 TSecr=596221208"
"297","38.392583","216.58.194.164","192.168.11.20","TCP","66","443  >  63837 [ACK] Seq=64260 Ack=3606 Win=60160 Len=0 TSval=270163820 TSecr=596221213"
"298","38.414386","216.58.194.164","192.168.11.20","TLSv1.2","140","Application Data"
"299","38.414434","192.168.11.20","216.58.194.164","TCP","66","63837  >  443 [ACK] Seq=3606 Ack=64334 Win=130976 Len=0 TSval=596221240 TSecr=270163842"
"300","38.417069","216.58.194.164","192.168.11.20","TLSv1.2","104","Application Data"
"301","38.417073","216.58.194.164","192.168.11.20","TLSv1.2","112","Application Data"
"302","38.417144","192.168.11.20","216.58.194.164","TCP","66","63837  >  443 [ACK] Seq=3606 Ack=64372 Win=131008 Len=0 TSval=596221242 TSecr=270163842"
"303","38.417144","192.168.11.20","216.58.194.164","TCP","66","63837  >  443 [ACK] Seq=3606 Ack=64418 Win=130976 Len=0 TSval=596221242 TSecr=270163842"
"304","38.417578","192.168.11.20","216.58.194.164","TLSv1.2","112","Application Data"
"305","38.440180","216.58.194.164","192.168.11.20","TLSv1.2","284","Application Data"
"306","38.440283","192.168.11.20","216.58.194.164","TCP","66","63837  >  443 [ACK] Seq=3652 Ack=64636 Win=130848 Len=0 TSval=596221265 TSecr=270163867"
"307","38.440413","216.58.194.164","192.168.11.20","TLSv1.2","617","Application Data, Application Data"
"308","38.440416","216.58.194.164","192.168.11.20","TLSv1.2","112","Application Data"
"309","38.440448","192.168.11.20","216.58.194.164","TCP","66","63837  >  443 [ACK] Seq=3652 Ack=65187 Win=130272 Len=0 TSval=596221265 TSecr=270163867"
"310","38.440449","192.168.11.20","216.58.194.164","TCP","66","63837  >  443 [ACK] Seq=3652 Ack=65233 Win=130240 Len=0 TSval=596221265 TSecr=270163867"
"311","38.443658","192.168.11.20","216.58.194.164","TLSv1.2","112","Application Data"
"312","38.486794","216.58.194.164","192.168.11.20","TCP","66","443  >  63837 [ACK] Seq=65233 Ack=3698 Win=60160 Len=0 TSval=270163875 TSecr=596221267"
"313","38.590089","192.168.11.20","192.168.11.1","DNS","79","Standard query 0x9f2c A clients5.google.com"
"314","38.592753","192.168.11.1","192.168.11.20","DNS","119","Standard query response 0x9f2c A clients5.google.com CNAME clients.l.google.com A 216.58.194.174"
"315","38.594628","192.168.11.20","216.58.194.174","QUIC","1392","Client Hello, PKN: 1, CID: 13314995951034321593"
"316","38.595254","192.168.11.20","216.58.194.174","QUIC","1021","Payload (Encrypted), PKN: 2, CID: 13314995951034321593"
"317","38.600977","192.168.11.20","192.168.11.1","DNS","74","Standard query 0xa1c8 A ogs.google.com"
"318","38.603888","192.168.11.1","192.168.11.20","DNS","111","Standard query response 0xa1c8 A ogs.google.com CNAME www3.l.google.com A 172.217.6.46"
"319","38.605408","192.168.11.20","172.217.6.46","QUIC","1392","Client Hello, PKN: 1, CID: 7589620954702436015"
"320","38.616376","192.168.11.20","216.58.194.174","QUIC","1392","Client Hello, PKN: 3, CID: 13314995951034321593"
"321","38.618638","216.58.194.174","192.168.11.20","QUIC","1392","Payload (Encrypted), PKN: 1"
"322","38.618642","216.58.194.174","192.168.11.20","QUIC","73","Payload (Encrypted), PKN: 2"
"323","38.619003","192.168.11.20","216.58.194.174","QUIC","83","Payload (Encrypted), PKN: 4, CID: 13314995951034321593"
"324","38.619049","192.168.11.20","216.58.194.174","QUIC","80","Payload (Encrypted), PKN: 5, CID: 13314995951034321593"
"325","38.623657","216.58.194.174","192.168.11.20","QUIC","248","Payload (Encrypted), PKN: 3"
"326","38.626704","192.168.11.20","172.217.6.46","QUIC","1392","Client Hello, PKN: 2, CID: 7589620954702436015"
"327","38.628627","172.217.6.46","192.168.11.20","QUIC","1392","Payload (Encrypted), PKN: 1"
"328","38.628631","172.217.6.46","192.168.11.20","QUIC","73","Payload (Encrypted), PKN: 2"
"329","38.628955","192.168.11.20","172.217.6.46","QUIC","81","Payload (Encrypted), PKN: 3, CID: 7589620954702436015"
"330","38.629001","192.168.11.20","172.217.6.46","QUIC","80","Payload (Encrypted), PKN: 4, CID: 7589620954702436015"
"331","38.629384","192.168.11.20","172.217.6.46","QUIC","981","Payload (Encrypted), PKN: 5, CID: 7589620954702436015"
"332","38.629385","192.168.11.20","172.217.6.46","QUIC","169","Payload (Encrypted), PKN: 6, CID: 7589620954702436015"
"333","38.633024","172.217.6.46","192.168.11.20","QUIC","72","Payload (Encrypted), PKN: 3"
"334","38.634222","172.217.6.46","192.168.11.20","QUIC","72","Payload (Encrypted), PKN: 4"
"335","38.646836","192.168.11.20","216.58.194.164","TLSv1.2","259","Application Data"
"336","38.649207","192.168.11.20","216.58.194.174","QUIC","77","Payload (Encrypted), PKN: 6, CID: 13314995951034321593"
"337","38.650678","216.58.194.164","192.168.11.20","TCP","66","443  >  63837 [ACK] Seq=65233 Ack=3891 Win=62464 Len=0 TSval=270164078 TSecr=596221467"
"338","38.692517","216.58.194.164","192.168.11.20","TLSv1.2","282","Application Data"
"339","38.692521","216.58.194.164","192.168.11.20","TLSv1.2","335","Application Data"
"340","38.692581","192.168.11.20","216.58.194.164","TCP","66","63837  >  443 [ACK] Seq=3891 Ack=65449 Win=130848 Len=0 TSval=596221511 TSecr=270164120"
"341","38.692581","192.168.11.20","216.58.194.164","TCP","66","63837  >  443 [ACK] Seq=3891 Ack=65718 Win=130560 Len=0 TSval=596221511 TSecr=270164120"
"342","38.692911","216.58.194.164","192.168.11.20","TLSv1.2","104","Application Data"
"343","38.692914","216.58.194.164","192.168.11.20","TLSv1.2","112","Application Data"
"344","38.692957","192.168.11.20","216.58.194.164","TCP","66","63837  >  443 [ACK] Seq=3891 Ack=65756 Win=131008 Len=0 TSval=596221511 TSecr=270164120"
"345","38.692958","192.168.11.20","216.58.194.164","TCP","66","63837  >  443 [ACK] Seq=3891 Ack=65802 Win=130976 Len=0 TSval=596221511 TSecr=270164120"
"346","38.693137","192.168.11.20","216.58.194.164","TLSv1.2","112","Application Data"
"347","38.697271","216.58.194.164","192.168.11.20","TCP","66","443  >  63837 [ACK] Seq=65802 Ack=3937 Win=62464 Len=0 TSval=270164124 TSecr=596221511"
"348","38.723981","Buffalo_75:d5:82","Apple_7d:13:71","ARP","42","Who has 192.168.11.20? Tell 192.168.11.1"
"349","38.724013","Apple_7d:13:71","Buffalo_75:d5:82","ARP","42","192.168.11.20 is at dc:a9:04:7d:13:71"
"350","38.897457","192.168.11.20","216.58.194.164","TLSv1.2","260","Application Data"
"351","38.901317","216.58.194.164","192.168.11.20","TCP","66","443  >  63837 [ACK] Seq=65802 Ack=4131 Win=64768 Len=0 TSval=270164329 TSecr=596221713"
"352","38.945036","216.58.194.164","192.168.11.20","TLSv1.2","284","Application Data"
"353","38.945042","216.58.194.164","192.168.11.20","TLSv1.2","419","Application Data"
"354","38.945143","192.168.11.20","216.58.194.164","TCP","66","63837  >  443 [ACK] Seq=4131 Ack=66020 Win=130848 Len=0 TSval=596221760 TSecr=270164372"
"355","38.945143","192.168.11.20","216.58.194.164","TCP","66","63837  >  443 [ACK] Seq=4131 Ack=66373 Win=130496 Len=0 TSval=596221760 TSecr=270164372"
"356","38.945418","216.58.194.164","192.168.11.20","TLSv1.2","104","Application Data"
"357","38.945423","216.58.194.164","192.168.11.20","TLSv1.2","112","Application Data"
"358","38.945479","192.168.11.20","216.58.194.164","TCP","66","63837  >  443 [ACK] Seq=4131 Ack=66411 Win=131008 Len=0 TSval=596221760 TSecr=270164372"
"359","38.945479","192.168.11.20","216.58.194.164","TCP","66","63837  >  443 [ACK] Seq=4131 Ack=66457 Win=130976 Len=0 TSval=596221760 TSecr=270164372"
"360","38.945718","192.168.11.20","216.58.194.164","TLSv1.2","112","Application Data"
"361","38.949755","216.58.194.164","192.168.11.20","TCP","66","443  >  63837 [ACK] Seq=66457 Ack=4177 Win=64768 Len=0 TSval=270164377 TSecr=596221760"
"362","39.013298","172.217.6.46","192.168.11.20","QUIC","969","Payload (Encrypted), PKN: 5"
"363","39.013303","172.217.6.46","192.168.11.20","QUIC","70","Payload (Encrypted), PKN: 6"
"364","39.013489","172.217.6.46","192.168.11.20","QUIC","179","Payload (Encrypted), PKN: 7"
"365","39.013682","192.168.11.20","172.217.6.46","QUIC","86","Payload (Encrypted), PKN: 7, CID: 7589620954702436015"
"366","39.039881","192.168.11.20","172.217.6.46","QUIC","77","Payload (Encrypted), PKN: 8, CID: 7589620954702436015"
"367","39.320181","Buffalo_75:d5:82","Broadcast","ARP","42","Who has 192.168.11.129? Tell 192.168.11.1"
"368","39.334042","192.168.11.20","216.58.194.164","TLSv1.2","328","Application Data"
"369","39.339032","216.58.194.164","192.168.11.20","TCP","66","443  >  63837 [ACK] Seq=66457 Ack=4439 Win=67072 Len=0 TSval=270164766 TSecr=596222146"
"370","39.382432","216.58.194.164","192.168.11.20","TLSv1.2","284","Application Data"
"371","39.382439","216.58.194.164","192.168.11.20","TLSv1.2","471","Application Data, Application Data"
"372","39.382588","192.168.11.20","216.58.194.164","TCP","66","63837  >  443 [ACK] Seq=4439 Ack=66675 Win=130848 Len=0 TSval=596222194 TSecr=270164810"
"373","39.382589","192.168.11.20","216.58.194.164","TCP","66","63837  >  443 [ACK] Seq=4439 Ack=67080 Win=130432 Len=0 TSval=596222194 TSecr=270164810"
"374","39.382739","216.58.194.164","192.168.11.20","TLSv1.2","112","Application Data"
"375","39.382799","192.168.11.20","216.58.194.164","TCP","66","63837  >  443 [ACK] Seq=4439 Ack=67126 Win=131008 Len=0 TSval=596222194 TSecr=270164810"
"376","39.383307","192.168.11.20","216.58.194.164","TLSv1.2","112","Application Data"
"377","39.387097","216.58.194.164","192.168.11.20","TCP","66","443  >  63837 [ACK] Seq=67126 Ack=4485 Win=67072 Len=0 TSval=270164814 TSecr=596222194"
"378","39.960440","192.168.11.20","192.168.11.1","DNS","64","Standard query 0xa2fd A pcap"
"379","39.972904","192.168.11.1","192.168.11.20","DNS","139","Standard query response 0xa2fd No such name A pcap SOA a.root-servers.net"
"380","39.987134","192.168.11.20","216.58.194.164","TLSv1.2","291","Application Data"
"381","39.990905","216.58.194.164","192.168.11.20","TCP","66","443  >  63837 [ACK] Seq=67126 Ack=4710 Win=69120 Len=0 TSval=270165418 TSecr=596222793"
"382","40.024030","192.168.11.20","216.58.194.164","TLSv1.2","219","Application Data"
"383","40.027824","216.58.194.164","192.168.11.20","TCP","66","443  >  63837 [ACK] Seq=67126 Ack=4863 Win=71424 Len=0 TSval=270165455 TSecr=596222829"
"384","40.069790","216.58.194.164","192.168.11.20","TLSv1.2","290","Application Data"
"385","40.069797","216.58.194.164","192.168.11.20","TLSv1.2","1215","Application Data"
"386","40.069888","192.168.11.20","216.58.194.164","TCP","66","63837  >  443 [ACK] Seq=4863 Ack=67350 Win=130848 Len=0 TSval=596222873 TSecr=270165497"
"387","40.069889","192.168.11.20","216.58.194.164","TCP","66","63837  >  443 [ACK] Seq=4863 Ack=68499 Win=129696 Len=0 TSval=596222873 TSecr=270165497"
"388","40.070019","216.58.194.164","192.168.11.20","TLSv1.2","104","Application Data"
"389","40.070060","192.168.11.20","216.58.194.164","TCP","66","63837  >  443 [ACK] Seq=4863 Ack=68537 Win=131008 Len=0 TSval=596222873 TSecr=270165497"
"390","40.070959","216.58.194.164","192.168.11.20","TLSv1.2","112","Application Data"
"391","40.071011","192.168.11.20","216.58.194.164","TCP","66","63837  >  443 [ACK] Seq=4863 Ack=68583 Win=131008 Len=0 TSval=596222874 TSecr=270165497"
"392","40.071442","192.168.11.20","216.58.194.164","TLSv1.2","112","Application Data"
"393","40.115487","216.58.194.164","192.168.11.20","TLSv1.2","695","Application Data"
"394","40.115553","192.168.11.20","216.58.194.164","TCP","66","63837  >  443 [ACK] Seq=4909 Ack=69212 Win=130432 Len=0 TSval=596222918 TSecr=270165543"
"395","40.115681","216.58.194.164","192.168.11.20","TLSv1.2","1484","Application Data"
"396","40.115732","192.168.11.20","216.58.194.164","TCP","66","63837  >  443 [ACK] Seq=4909 Ack=70630 Win=129632 Len=0 TSval=596222918 TSecr=270165543"
"397","40.115936","216.58.194.164","192.168.11.20","TLSv1.2","1484","Application Data"
"398","40.115940","216.58.194.164","192.168.11.20","TLSv1.2","1484","Application Data"
"399","40.115984","192.168.11.20","216.58.194.164","TCP","66","63837  >  443 [ACK] Seq=4909 Ack=72048 Win=131072 Len=0 TSval=596222918 TSecr=270165543"
"400","40.116045","216.58.194.164","192.168.11.20","TLSv1.2","1484","Application Data"
"401","40.116071","192.168.11.20","216.58.194.164","TCP","66","63837  >  443 [ACK] Seq=4909 Ack=74884 Win=129632 Len=0 TSval=596222918 TSecr=270165543"
"402","40.116323","216.58.194.164","192.168.11.20","TLSv1.2","1484","Application Data"
"403","40.116327","216.58.194.164","192.168.11.20","TLSv1.2","1484","Application Data"
"404","40.116329","216.58.194.164","192.168.11.20","TLSv1.2","522","Application Data"
"405","40.116330","216.58.194.164","192.168.11.20","TLSv1.2","135","Application Data"
"406","40.116408","192.168.11.20","216.58.194.164","TCP","66","63837  >  443 [ACK] Seq=4909 Ack=77720 Win=128224 Len=0 TSval=596222918 TSecr=270165543"
"407","40.116408","192.168.11.20","216.58.194.164","TCP","66","63837  >  443 [ACK] Seq=4909 Ack=78176 Win=127776 Len=0 TSval=596222918 TSecr=270165543"
"408","40.116408","192.168.11.20","216.58.194.164","TCP","66","63837  >  443 [ACK] Seq=4909 Ack=78245 Win=127680 Len=0 TSval=596222918 TSecr=270165543"
"409","40.116826","192.168.11.20","216.58.194.164","TCP","66","[TCP Window Update] 63837  >  443 [ACK] Seq=4909 Ack=78245 Win=131072 Len=0 TSval=596222919 TSecr=270165543"
"410","40.117816","216.58.194.164","192.168.11.20","TLSv1.2","1484","Application Data"
"411","40.117856","192.168.11.20","216.58.194.164","TCP","66","63837  >  443 [ACK] Seq=4909 Ack=79663 Win=129632 Len=0 TSval=596222920 TSecr=270165545"
"412","40.118178","216.58.194.164","192.168.11.20","TLSv1.2","1484","Application Data"
"413","40.118346","192.168.11.20","216.58.194.164","TCP","66","63837  >  443 [ACK] Seq=4909 Ack=81081 Win=131072 Len=0 TSval=596222920 TSecr=270165545"
"414","40.118693","216.58.194.164","192.168.11.20","TLSv1.2","1484","Application Data"
"415","40.118696","216.58.194.164","192.168.11.20","TLSv1.2","1484","Application Data"
"416","40.118730","192.168.11.20","216.58.194.164","TCP","66","63837  >  443 [ACK] Seq=4909 Ack=82499 Win=129632 Len=0 TSval=596222920 TSecr=270165545"
"417","40.118782","216.58.194.164","192.168.11.20","TLSv1.2","1484","Application Data"
"418","40.118787","192.168.11.20","216.58.194.164","TCP","66","63837  >  443 [ACK] Seq=4909 Ack=83917 Win=131072 Len=0 TSval=596222920 TSecr=270165545"
"419","40.119013","216.58.194.164","192.168.11.20","TLSv1.2","1484","Application Data"
"420","40.119018","216.58.194.164","192.168.11.20","TLSv1.2","1484","Application Data"
"421","40.119052","192.168.11.20","216.58.194.164","TCP","66","63837  >  443 [ACK] Seq=4909 Ack=86753 Win=129632 Len=0 TSval=596222921 TSecr=270165545"
"422","40.119116","216.58.194.164","192.168.11.20","TLSv1.2","1484","Application Data"
"423","40.119132","192.168.11.20","216.58.194.164","TCP","66","63837  >  443 [ACK] Seq=4909 Ack=88171 Win=131072 Len=0 TSval=596222921 TSecr=270165545"
"424","40.119141","192.168.11.20","216.58.194.164","TCP","66","63837  >  443 [ACK] Seq=4909 Ack=89589 Win=129632 Len=0 TSval=596222921 TSecr=270165545"
"425","40.119306","216.58.194.164","192.168.11.20","TLSv1.2","1484","Application Data"
"426","40.119366","192.168.11.20","216.58.194.164","TCP","66","63837  >  443 [ACK] Seq=4909 Ack=91007 Win=131072 Len=0 TSval=596222921 TSecr=270165545"
"427","40.120459","216.58.194.164","192.168.11.20","TLSv1.2","1484","Application Data"
"428","40.120767","216.58.194.164","192.168.11.20","TLSv1.2","1484","Application Data"
"429","40.120810","192.168.11.20","216.58.194.164","TCP","66","63837  >  443 [ACK] Seq=4909 Ack=93843 Win=129632 Len=0 TSval=596222922 TSecr=270165545"
"430","40.121357","216.58.194.164","192.168.11.20","TLSv1.2","1203","Application Data"
"431","40.121384","192.168.11.20","216.58.194.164","TCP","66","63837  >  443 [ACK] Seq=4909 Ack=94980 Win=129920 Len=0 TSval=596222922 TSecr=270165545"
"432","40.121917","216.58.194.164","192.168.11.20","TLSv1.2","1484","Application Data"
"433","40.121921","216.58.194.164","192.168.11.20","TLSv1.2","1484","Application Data"
"434","40.121947","192.168.11.20","216.58.194.164","TCP","66","63837  >  443 [ACK] Seq=4909 Ack=96398 Win=129632 Len=0 TSval=596222923 TSecr=270165546"
"435","40.122003","216.58.194.164","192.168.11.20","TLSv1.2","1484","Application Data"
"436","40.122013","192.168.11.20","216.58.194.164","TCP","66","63837  >  443 [ACK] Seq=4909 Ack=97816 Win=131072 Len=0 TSval=596222923 TSecr=270165546"
"437","40.122032","192.168.11.20","216.58.194.164","TCP","66","63837  >  443 [ACK] Seq=4909 Ack=99234 Win=129632 Len=0 TSval=596222923 TSecr=270165546"
"438","40.122131","216.58.194.164","192.168.11.20","TLSv1.2","1484","Application Data"
"439","40.122184","192.168.11.20","216.58.194.164","TCP","66","63837  >  443 [ACK] Seq=4909 Ack=100652 Win=131072 Len=0 TSval=596222923 TSecr=270165546"
"440","40.122225","216.58.194.164","192.168.11.20","TLSv1.2","1484","Application Data"
"441","40.122370","216.58.194.164","192.168.11.20","TLSv1.2","1484","Application Data"
"442","40.122373","216.58.194.164","192.168.11.20","TLSv1.2","113","Application Data"
"443","40.122408","192.168.11.20","216.58.194.164","TCP","66","63837  >  443 [ACK] Seq=4909 Ack=103488 Win=129632 Len=0 TSval=596222923 TSecr=270165546"
"444","40.122408","192.168.11.20","216.58.194.164","TCP","66","63837  >  443 [ACK] Seq=4909 Ack=103535 Win=129600 Len=0 TSval=596222923 TSecr=270165546"
"445","40.343443","Buffalo_75:d5:82","Broadcast","ARP","42","Who has 192.168.11.129? Tell 192.168.11.1"
"446","40.548749","216.58.194.164","192.168.11.20","TLSv1.2","1484","Application Data"
"447","40.548804","192.168.11.20","216.58.194.164","TCP","66","63837  >  443 [ACK] Seq=4909 Ack=104953 Win=129632 Len=0 TSval=596223348 TSecr=270165893"
"448","40.548991","216.58.194.164","192.168.11.20","TLSv1.2","1484","Application Data"
"449","40.549021","192.168.11.20","216.58.194.164","TCP","66","63837  >  443 [ACK] Seq=4909 Ack=106371 Win=129632 Len=0 TSval=596223348 TSecr=270165893"
"450","40.549286","216.58.194.164","192.168.11.20","TLSv1.2","1484","Application Data"
"451","40.549289","216.58.194.164","192.168.11.20","TLSv1.2","1484","Application Data"
"452","40.549321","216.58.194.164","192.168.11.20","TLSv1.2","1484","Application Data"
"453","40.549328","192.168.11.20","216.58.194.164","TCP","66","63837  >  443 [ACK] Seq=4909 Ack=109207 Win=128224 Len=0 TSval=596223348 TSecr=270165893"
"454","40.549328","192.168.11.20","216.58.194.164","TCP","66","[TCP Window Update] 63837  >  443 [ACK] Seq=4909 Ack=109207 Win=131072 Len=0 TSval=596223348 TSecr=270165893"
"455","40.549338","192.168.11.20","216.58.194.164","TCP","66","63837  >  443 [ACK] Seq=4909 Ack=110625 Win=129632 Len=0 TSval=596223348 TSecr=270165893"
"456","40.549593","216.58.194.164","192.168.11.20","TLSv1.2","1484","Application Data"
"457","40.549597","216.58.194.164","192.168.11.20","TLSv1.2","1484","Application Data"
"458","40.549620","192.168.11.20","216.58.194.164","TCP","66","63837  >  443 [ACK] Seq=4909 Ack=113461 Win=128224 Len=0 TSval=596223348 TSecr=270165893"
"459","40.549651","192.168.11.20","216.58.194.164","TCP","66","[TCP Window Update] 63837  >  443 [ACK] Seq=4909 Ack=113461 Win=131072 Len=0 TSval=596223348 TSecr=270165893"
"460","40.549708","216.58.194.164","192.168.11.20","TLSv1.2","1484","Application Data"
"461","40.549873","216.58.194.164","192.168.11.20","TLSv1.2","1484","Application Data"
"462","40.549879","216.58.194.164","192.168.11.20","TLSv1.2","1484","Application Data"
"463","40.549905","192.168.11.20","216.58.194.164","TCP","66","63837  >  443 [ACK] Seq=4909 Ack=116297 Win=129632 Len=0 TSval=596223349 TSecr=270165893"
"464","40.549905","192.168.11.20","216.58.194.164","TCP","66","63837  >  443 [ACK] Seq=4909 Ack=117715 Win=128224 Len=0 TSval=596223349 TSecr=270165893"
"465","40.549983","216.58.194.164","192.168.11.20","TLSv1.2","1484","Application Data"
"466","40.549991","192.168.11.20","216.58.194.164","TCP","66","[TCP Window Update] 63837  >  443 [ACK] Seq=4909 Ack=117715 Win=131072 Len=0 TSval=596223349 TSecr=270165893"
"467","40.550627","216.58.194.164","192.168.11.20","TLSv1.2","1484","Application Data"
"468","40.550655","192.168.11.20","216.58.194.164","TCP","66","63837  >  443 [ACK] Seq=4909 Ack=120551 Win=129632 Len=0 TSval=596223349 TSecr=270165893"
"469","40.550875","216.58.194.164","192.168.11.20","TLSv1.2","1484","Application Data [TCP segment of a reassembled PDU]"
"470","40.550918","192.168.11.20","216.58.194.164","TCP","66","63837  >  443 [ACK] Seq=4909 Ack=121969 Win=131072 Len=0 TSval=596223350 TSecr=270165893"
"471","40.551121","216.58.194.164","192.168.11.20","TLSv1.2","943","Application Data, Application Data"
"472","40.551124","216.58.194.164","192.168.11.20","TLSv1.2","1484","Application Data"
"473","40.551154","192.168.11.20","216.58.194.164","TCP","66","63837  >  443 [ACK] Seq=4909 Ack=122846 Win=130176 Len=0 TSval=596223350 TSecr=270165893"
"474","40.551154","192.168.11.20","216.58.194.164","TCP","66","63837  >  443 [ACK] Seq=4909 Ack=124264 Win=128768 Len=0 TSval=596223350 TSecr=270165900"
"475","40.551212","216.58.194.164","192.168.11.20","TLSv1.2","1484","Application Data"
"476","40.551249","192.168.11.20","216.58.194.164","TCP","66","63837  >  443 [ACK] Seq=4909 Ack=125682 Win=131072 Len=0 TSval=596223350 TSecr=270165900"
"477","40.551445","216.58.194.164","192.168.11.20","TLSv1.2","1484","Application Data"
"478","40.551449","216.58.194.164","192.168.11.20","TLSv1.2","1455","Application Data"
"479","40.551475","192.168.11.20","216.58.194.164","TCP","66","63837  >  443 [ACK] Seq=4909 Ack=127100 Win=129632 Len=0 TSval=596223350 TSecr=270165900"
"480","40.551475","192.168.11.20","216.58.194.164","TCP","66","63837  >  443 [ACK] Seq=4909 Ack=128489 Win=128256 Len=0 TSval=596223350 TSecr=270165900"
"481","40.551505","192.168.11.20","216.58.194.164","TCP","66","[TCP Window Update] 63837  >  443 [ACK] Seq=4909 Ack=128489 Win=131072 Len=0 TSval=596223350 TSecr=270165900"
"482","40.557076","216.58.194.164","192.168.11.20","TLSv1.2","1484","Application Data"
"483","40.557080","216.58.194.164","192.168.11.20","TLSv1.2","1484","Application Data"
"484","40.557081","216.58.194.164","192.168.11.20","TLSv1.2","1484","Application Data"
"485","40.557082","216.58.194.164","192.168.11.20","TLSv1.2","1484","Application Data"
"486","40.557083","216.58.194.164","192.168.11.20","TLSv1.2","1484","Application Data"
"487","40.557088","216.58.194.164","192.168.11.20","TLSv1.2","1484","Application Data"
"488","40.557089","216.58.194.164","192.168.11.20","TLSv1.2","1484","Application Data"
"489","40.557090","216.58.194.164","192.168.11.20","TLSv1.2","1484","Application Data"
"490","40.557091","216.58.194.164","192.168.11.20","TLSv1.2","1484","Application Data"
"491","40.557092","216.58.194.164","192.168.11.20","TLSv1.2","1484","Application Data"
"492","40.557093","216.58.194.164","192.168.11.20","TLSv1.2","1484","Application Data"
"493","40.557094","216.58.194.164","192.168.11.20","TLSv1.2","1062","Application Data"
"494","40.557095","216.58.194.164","192.168.11.20","TLSv1.2","1484","Application Data"
"495","40.557096","216.58.194.164","192.168.11.20","TLSv1.2","1484","Application Data"
"496","40.557096","216.58.194.164","192.168.11.20","TLSv1.2","1484","Application Data"
"497","40.557098","216.58.194.164","192.168.11.20","TLSv1.2","1484","Application Data"
"498","40.557099","216.58.194.164","192.168.11.20","TLSv1.2","1484","Application Data"
"499","40.557099","216.58.194.164","192.168.11.20","TLSv1.2","1484","Application Data"
"500","40.557100","216.58.194.164","192.168.11.20","TLSv1.2","1484","Application Data"
"501","40.557101","216.58.194.164","192.168.11.20","TLSv1.2","1484","Application Data"
"502","40.557103","216.58.194.164","192.168.11.20","TLSv1.2","1484","Application Data"
"503","40.557103","216.58.194.164","192.168.11.20","TLSv1.2","1484","Application Data"
"504","40.557104","216.58.194.164","192.168.11.20","TLSv1.2","1484","Application Data"
"505","40.557162","192.168.11.20","216.58.194.164","TCP","66","63837  >  443 [ACK] Seq=4909 Ack=129907 Win=129632 Len=0 TSval=596223356 TSecr=270165916"
"506","40.557162","192.168.11.20","216.58.194.164","TCP","66","63837  >  443 [ACK] Seq=4909 Ack=132743 Win=126816 Len=0 TSval=596223356 TSecr=270165916"
"507","40.557163","192.168.11.20","216.58.194.164","TCP","66","63837  >  443 [ACK] Seq=4909 Ack=135579 Win=123968 Len=0 TSval=596223356 TSecr=270165916"
"508","40.557178","192.168.11.20","216.58.194.164","TCP","66","63837  >  443 [ACK] Seq=4909 Ack=138415 Win=121120 Len=0 TSval=596223356 TSecr=270165916"
"509","40.557178","192.168.11.20","216.58.194.164","TCP","66","63837  >  443 [ACK] Seq=4909 Ack=139833 Win=119712 Len=0 TSval=596223356 TSecr=270165916"
"510","40.557178","192.168.11.20","216.58.194.164","TCP","66","63837  >  443 [ACK] Seq=4909 Ack=142669 Win=116864 Len=0 TSval=596223356 TSecr=270165916"
"511","40.557178","192.168.11.20","216.58.194.164","TCP","66","63837  >  443 [ACK] Seq=4909 Ack=145083 Win=114464 Len=0 TSval=596223356 TSecr=270165916"
"512","40.557179","192.168.11.20","216.58.194.164","TCP","66","63837  >  443 [ACK] Seq=4909 Ack=146501 Win=113056 Len=0 TSval=596223356 TSecr=270165918"
"513","40.557191","192.168.11.20","216.58.194.164","TCP","66","63837  >  443 [ACK] Seq=4909 Ack=149337 Win=126816 Len=0 TSval=596223356 TSecr=270165920"
"514","40.557191","192.168.11.20","216.58.194.164","TCP","66","63837  >  443 [ACK] Seq=4909 Ack=152173 Win=123968 Len=0 TSval=596223356 TSecr=270165920"
"515","40.557191","192.168.11.20","216.58.194.164","TCP","66","63837  >  443 [ACK] Seq=4909 Ack=155009 Win=121952 Len=0 TSval=596223356 TSecr=270165920"
"516","40.557201","192.168.11.20","216.58.194.164","TCP","66","63837  >  443 [ACK] Seq=4909 Ack=157845 Win=119104 Len=0 TSval=596223356 TSecr=270165920"
"517","40.557201","192.168.11.20","216.58.194.164","TCP","66","63837  >  443 [ACK] Seq=4909 Ack=160681 Win=116288 Len=0 TSval=596223356 TSecr=270165920"
"518","40.557277","192.168.11.20","216.58.194.164","TCP","66","[TCP Window Update] 63837  >  443 [ACK] Seq=4909 Ack=160681 Win=131072 Len=0 TSval=596223356 TSecr=270165920"
"519","40.560239","216.58.194.164","192.168.11.20","TLSv1.2","1484","Application Data"
"520","40.561078","216.58.194.164","192.168.11.20","TLSv1.2","1484","Application Data [TCP segment of a reassembled PDU]"
"521","40.561117","192.168.11.20","216.58.194.164","TCP","66","63837  >  443 [ACK] Seq=4909 Ack=163517 Win=129632 Len=0 TSval=596223359 TSecr=270165987"
"522","40.561261","216.58.194.164","192.168.11.20","TLSv1.2","1484","Application Data [TCP segment of a reassembled PDU]"
"523","40.561346","192.168.11.20","216.58.194.164","TCP","66","63837  >  443 [ACK] Seq=4909 Ack=164935 Win=131072 Len=0 TSval=596223360 TSecr=270165988"
"524","40.561802","216.58.194.164","192.168.11.20","TLSv1.2","1484","Application Data [TCP segment of a reassembled PDU]"
"525","40.562013","216.58.194.164","192.168.11.20","TLSv1.2","1484","Application Data [TCP segment of a reassembled PDU]"
"526","40.562016","216.58.194.164","192.168.11.20","TLSv1.2","1484","Application Data [TCP segment of a reassembled PDU]"
"527","40.562050","192.168.11.20","216.58.194.164","TCP","66","63837  >  443 [ACK] Seq=4909 Ack=167771 Win=129632 Len=0 TSval=596223360 TSecr=270165988"
"528","40.562072","192.168.11.20","216.58.194.164","TCP","66","63837  >  443 [ACK] Seq=4909 Ack=169189 Win=131072 Len=0 TSval=596223360 TSecr=270165988"
"529","40.562107","216.58.194.164","192.168.11.20","TLSv1.2","1484","Application Data [TCP segment of a reassembled PDU]"
"530","40.562212","216.58.194.164","192.168.11.20","TLSv1.2","1484","Application Data [TCP segment of a reassembled PDU]"
"531","40.562236","192.168.11.20","216.58.194.164","TCP","66","63837  >  443 [ACK] Seq=4909 Ack=172025 Win=129632 Len=0 TSval=596223360 TSecr=270165988"
"532","40.562318","216.58.194.164","192.168.11.20","TLSv1.2","1484","Application Data [TCP segment of a reassembled PDU]"
"533","40.562354","192.168.11.20","216.58.194.164","TCP","66","63837  >  443 [ACK] Seq=4909 Ack=173443 Win=131072 Len=0 TSval=596223361 TSecr=270165988"
"534","40.562424","216.58.194.164","192.168.11.20","TLSv1.2","1484","Application Data [TCP segment of a reassembled PDU]"
"535","40.562540","216.58.194.164","192.168.11.20","TLSv1.2","1484","Application Data [TCP segment of a reassembled PDU]"
"536","40.562567","192.168.11.20","216.58.194.164","TCP","66","63837  >  443 [ACK] Seq=4909 Ack=176279 Win=129632 Len=0 TSval=596223361 TSecr=270165988"
"537","40.562667","216.58.194.164","192.168.11.20","TLSv1.2","832","Application Data, Application Data, Application Data"
"538","40.562691","192.168.11.20","216.58.194.164","TCP","66","63837  >  443 [ACK] Seq=4909 Ack=177045 Win=130304 Len=0 TSval=596223361 TSecr=270165988"
"539","40.562808","192.168.11.20","216.58.194.164","TLSv1.2","112","Application Data"
"540","40.606698","216.58.194.164","192.168.11.20","TCP","66","443  >  63837 [ACK] Seq=177045 Ack=4955 Win=71424 Len=0 TSval=270165995 TSecr=596223361"
"541","40.739349","192.168.11.20","173.194.203.188","TCP","54","63734  >  443 [ACK] Seq=1 Ack=1 Win=4096 Len=0"
"542","40.763798","173.194.203.188","192.168.11.20","TCP","66","[TCP ACKed unseen segment] 443  >  63734 [ACK] Seq=1 Ack=2 Win=179 Len=0 TSval=3802813176 TSecr=595096609"
"543","41.064572","192.168.11.20","216.58.194.164","TLSv1.2","691","Application Data"
"544","41.094347","216.58.194.164","192.168.11.20","TCP","66","443  >  63837 [ACK] Seq=177045 Ack=5580 Win=73728 Len=0 TSval=270166520 TSecr=596223859"
"545","41.094517","216.58.194.164","192.168.11.20","TLSv1.2","269","Application Data"
"546","41.094572","192.168.11.20","216.58.194.164","TCP","66","63837  >  443 [ACK] Seq=5580 Ack=177248 Win=130848 Len=0 TSval=596223888 TSecr=270166521"
"547","41.095441","216.58.194.164","192.168.11.20","TLSv1.2","1484","Application Data"
"548","41.095448","216.58.194.164","192.168.11.20","TLSv1.2","1484","Application Data"
"549","41.095542","192.168.11.20","216.58.194.164","TCP","66","63837  >  443 [ACK] Seq=5580 Ack=178666 Win=129632 Len=0 TSval=596223889 TSecr=270166521"
"550","41.095604","192.168.11.20","216.58.194.164","TCP","66","63837  >  443 [ACK] Seq=5580 Ack=180084 Win=131072 Len=0 TSval=596223889 TSecr=270166521"
"551","41.095860","216.58.194.164","192.168.11.20","TLSv1.2","1484","Application Data"
"552","41.096412","216.58.194.164","192.168.11.20","TLSv1.2","1484","Application Data"
"553","41.096416","216.58.194.164","192.168.11.20","TLSv1.2","1484","Application Data"
"554","41.096446","216.58.194.164","192.168.11.20","TLSv1.2","1484","Application Data"
"555","41.096476","192.168.11.20","216.58.194.164","TCP","66","63837  >  443 [ACK] Seq=5580 Ack=182920 Win=129632 Len=0 TSval=596223889 TSecr=270166521"
"556","41.096476","192.168.11.20","216.58.194.164","TCP","66","63837  >  443 [ACK] Seq=5580 Ack=185756 Win=126816 Len=0 TSval=596223889 TSecr=270166521"
"557","41.096735","216.58.194.164","192.168.11.20","TLSv1.2","1484","Application Data"
"558","41.096739","216.58.194.164","192.168.11.20","TLSv1.2","1484","Application Data"
"559","41.096765","216.58.194.164","192.168.11.20","TLSv1.2","1484","Application Data"
"560","41.096784","192.168.11.20","216.58.194.164","TCP","66","63837  >  443 [ACK] Seq=5580 Ack=188592 Win=123968 Len=0 TSval=596223890 TSecr=270166521"
"561","41.096784","192.168.11.20","216.58.194.164","TCP","66","63837  >  443 [ACK] Seq=5580 Ack=190010 Win=122560 Len=0 TSval=596223890 TSecr=270166521"
"562","41.096915","216.58.194.164","192.168.11.20","TLSv1.2","1484","Application Data"
"563","41.096995","216.58.194.164","192.168.11.20","TLSv1.2","1484","Application Data"
"564","41.097036","192.168.11.20","216.58.194.164","TCP","66","63837  >  443 [ACK] Seq=5580 Ack=192846 Win=119712 Len=0 TSval=596223890 TSecr=270166521"
"565","41.097150","216.58.194.164","192.168.11.20","TLSv1.2","1484","Application Data"
"566","41.097257","216.58.194.164","192.168.11.20","TLSv1.2","1484","Application Data"
"567","41.097307","192.168.11.20","216.58.194.164","TCP","66","63837  >  443 [ACK] Seq=5580 Ack=195682 Win=116864 Len=0 TSval=596223890 TSecr=270166521"
"568","41.097498","216.58.194.164","192.168.11.20","TLSv1.2","1484","Application Data"
"569","41.097503","216.58.194.164","192.168.11.20","TLSv1.2","1484","Application Data"
"570","41.097520","192.168.11.20","216.58.194.164","TCP","66","[TCP Window Update] 63837  >  443 [ACK] Seq=5580 Ack=195682 Win=131072 Len=0 TSval=596223890 TSecr=270166521"
"571","41.097581","216.58.194.164","192.168.11.20","TLSv1.2","1484","Application Data"
"572","41.097588","192.168.11.20","216.58.194.164","TCP","66","63837  >  443 [ACK] Seq=5580 Ack=198518 Win=128224 Len=0 TSval=596223890 TSecr=270166521"
"573","41.097603","192.168.11.20","216.58.194.164","TCP","66","[TCP Window Update] 63837  >  443 [ACK] Seq=5580 Ack=198518 Win=131072 Len=0 TSval=596223890 TSecr=270166521"
"574","41.097662","216.58.194.164","192.168.11.20","TLSv1.2","1484","Application Data"
"575","41.097690","192.168.11.20","216.58.194.164","TCP","66","63837  >  443 [ACK] Seq=5580 Ack=201354 Win=129632 Len=0 TSval=596223890 TSecr=270166521"
"576","41.097900","216.58.194.164","192.168.11.20","TLSv1.2","1484","Application Data"
"577","41.097903","216.58.194.164","192.168.11.20","TLSv1.2","1484","Application Data"
"578","41.097936","192.168.11.20","216.58.194.164","TCP","66","63837  >  443 [ACK] Seq=5580 Ack=204190 Win=126816 Len=0 TSval=596223891 TSecr=270166521"
"579","41.097944","192.168.11.20","216.58.194.164","TCP","66","[TCP Window Update] 63837  >  443 [ACK] Seq=5580 Ack=204190 Win=131072 Len=0 TSval=596223891 TSecr=270166521"
"580","41.098234","216.58.194.164","192.168.11.20","TLSv1.2","1484","Application Data"
"581","41.098237","216.58.194.164","192.168.11.20","TLSv1.2","1484","Application Data"
"582","41.098264","192.168.11.20","216.58.194.164","TCP","66","63837  >  443 [ACK] Seq=5580 Ack=207026 Win=128224 Len=0 TSval=596223891 TSecr=270166521"
"583","41.098369","216.58.194.164","192.168.11.20","TLSv1.2","1484","Application Data"
"584","41.098380","192.168.11.20","216.58.194.164","TCP","66","[TCP Window Update] 63837  >  443 [ACK] Seq=5580 Ack=207026 Win=131072 Len=0 TSval=596223891 TSecr=270166521"
"585","41.098469","216.58.194.164","192.168.11.20","TLSv1.2","1484","Application Data"
"586","41.098472","216.58.194.164","192.168.11.20","TLSv1.2","934","Application Data"
"587","41.098502","192.168.11.20","216.58.194.164","TCP","66","63837  >  443 [ACK] Seq=5580 Ack=209862 Win=129632 Len=0 TSval=596223891 TSecr=270166521"
"588","41.098503","192.168.11.20","216.58.194.164","TCP","66","63837  >  443 [ACK] Seq=5580 Ack=210730 Win=128768 Len=0 TSval=596223891 TSecr=270166521"
"589","41.098615","216.58.194.164","192.168.11.20","TLSv1.2","1484","Application Data"
"590","41.098723","216.58.194.164","192.168.11.20","TLSv1.2","1484","Application Data"
"591","41.098748","192.168.11.20","216.58.194.164","TCP","66","63837  >  443 [ACK] Seq=5580 Ack=213566 Win=128224 Len=0 TSval=596223891 TSecr=270166521"
"592","41.098795","192.168.11.20","216.58.194.164","TCP","66","[TCP Window Update] 63837  >  443 [ACK] Seq=5580 Ack=213566 Win=131072 Len=0 TSval=596223891 TSecr=270166521"
"593","41.098834","216.58.194.164","192.168.11.20","TLSv1.2","1484","Application Data"
"594","41.098939","216.58.194.164","192.168.11.20","TLSv1.2","1484","Application Data"
"595","41.098959","192.168.11.20","216.58.194.164","TCP","66","63837  >  443 [ACK] Seq=5580 Ack=216402 Win=129632 Len=0 TSval=596223892 TSecr=270166521"
"596","41.099046","216.58.194.164","192.168.11.20","TLSv1.2","1484","Application Data"
"597","41.099070","192.168.11.20","216.58.194.164","TCP","66","63837  >  443 [ACK] Seq=5580 Ack=217820 Win=129632 Len=0 TSval=596223892 TSecr=270166521"
"598","41.100982","216.58.194.164","192.168.11.20","TLSv1.2","1484","Application Data"
"599","41.100985","216.58.194.164","192.168.11.20","TLSv1.2","1484","Application Data"
"600","41.101031","192.168.11.20","216.58.194.164","TCP","66","63837  >  443 [ACK] Seq=5580 Ack=220656 Win=128224 Len=0 TSval=596223894 TSecr=270166521"
"601","41.101083","216.58.194.164","192.168.11.20","TLSv1.2","1484","Application Data"
"602","41.101089","192.168.11.20","216.58.194.164","TCP","66","[TCP Window Update] 63837  >  443 [ACK] Seq=5580 Ack=220656 Win=131072 Len=0 TSval=596223894 TSecr=270166521"
"603","41.101232","216.58.194.164","192.168.11.20","TLSv1.2","1484","Application Data"
"604","41.101234","216.58.194.164","192.168.11.20","TLSv1.2","1484","Application Data"
"605","41.101263","192.168.11.20","216.58.194.164","TCP","66","63837  >  443 [ACK] Seq=5580 Ack=223492 Win=129632 Len=0 TSval=596223894 TSecr=270166521"
"606","41.101288","192.168.11.20","216.58.194.164","TCP","66","63837  >  443 [ACK] Seq=5580 Ack=224910 Win=131072 Len=0 TSval=596223894 TSecr=270166521"
"607","41.101418","216.58.194.164","192.168.11.20","TLSv1.2","1484","Application Data"
"608","41.101528","216.58.194.164","192.168.11.20","TLSv1.2","1484","Application Data"
"609","41.101559","192.168.11.20","216.58.194.164","TCP","66","63837  >  443 [ACK] Seq=5580 Ack=227746 Win=129632 Len=0 TSval=596223894 TSecr=270166521"
"610","41.101732","216.58.194.164","192.168.11.20","TLSv1.2","1484","Application Data"
"611","41.101735","216.58.194.164","192.168.11.20","TLSv1.2","1484","Application Data"
"612","41.101759","192.168.11.20","216.58.194.164","TCP","66","63837  >  443 [ACK] Seq=5580 Ack=230582 Win=128224 Len=0 TSval=596223894 TSecr=270166521"
"613","41.101780","192.168.11.20","216.58.194.164","TCP","66","[TCP Window Update] 63837  >  443 [ACK] Seq=5580 Ack=230582 Win=131072 Len=0 TSval=596223894 TSecr=270166521"
"614","41.101824","216.58.194.164","192.168.11.20","TLSv1.2","1484","Application Data"
"615","41.102642","216.58.194.164","192.168.11.20","TLSv1.2","1484","Application Data"
"616","41.102677","192.168.11.20","216.58.194.164","TCP","66","63837  >  443 [ACK] Seq=5580 Ack=233418 Win=129632 Len=0 TSval=596223895 TSecr=270166521"
"617","41.103909","216.58.194.164","192.168.11.20","TLSv1.2","1484","Application Data"
"618","41.103989","192.168.11.20","216.58.194.164","TCP","66","63837  >  443 [ACK] Seq=5580 Ack=234836 Win=131072 Len=0 TSval=596223896 TSecr=270166527"
"619","41.104187","216.58.194.164","192.168.11.20","TLSv1.2","1484","Application Data"
"620","41.104753","216.58.194.164","192.168.11.20","TLSv1.2","1484","Application Data"
"621","41.104781","192.168.11.20","216.58.194.164","TCP","66","63837  >  443 [ACK] Seq=5580 Ack=237672 Win=129632 Len=0 TSval=596223896 TSecr=270166531"
"622","41.105120","216.58.194.164","192.168.11.20","TLSv1.2","1484","Application Data"
"623","41.105198","192.168.11.20","216.58.194.164","TCP","66","63837  >  443 [ACK] Seq=5580 Ack=239090 Win=131072 Len=0 TSval=596223897 TSecr=270166531"
"624","41.106081","216.58.194.164","192.168.11.20","TLSv1.2","1484","Application Data"
"625","41.106436","216.58.194.164","192.168.11.20","TLSv1.2","1484","Application Data"
"626","41.106470","192.168.11.20","216.58.194.164","TCP","66","63837  >  443 [ACK] Seq=5580 Ack=241926 Win=129632 Len=0 TSval=596223898 TSecr=270166533"
"627","41.106731","216.58.194.164","192.168.11.20","TLSv1.2","1484","Application Data"
"628","41.106734","216.58.194.164","192.168.11.20","TLSv1.2","1484","Application Data"
"629","41.106760","192.168.11.20","216.58.194.164","TCP","66","63837  >  443 [ACK] Seq=5580 Ack=244762 Win=128224 Len=0 TSval=596223898 TSecr=270166533"
"630","41.106785","192.168.11.20","216.58.194.164","TCP","66","[TCP Window Update] 63837  >  443 [ACK] Seq=5580 Ack=244762 Win=131072 Len=0 TSval=596223898 TSecr=270166533"
"631","41.106818","216.58.194.164","192.168.11.20","TLSv1.2","1484","Application Data [TCP segment of a reassembled PDU]"
"632","41.107076","216.58.194.164","192.168.11.20","TLSv1.2","1484","Application Data [TCP segment of a reassembled PDU]"
"633","41.107079","216.58.194.164","192.168.11.20","TLSv1.2","1484","Application Data [TCP segment of a reassembled PDU]"
"634","41.107101","216.58.194.164","192.168.11.20","TLSv1.2","1484","Application Data [TCP segment of a reassembled PDU]"
"635","41.107127","192.168.11.20","216.58.194.164","TCP","66","63837  >  443 [ACK] Seq=5580 Ack=247598 Win=129632 Len=0 TSval=596223898 TSecr=270166533"
"636","41.107128","192.168.11.20","216.58.194.164","TCP","66","63837  >  443 [ACK] Seq=5580 Ack=250434 Win=126816 Len=0 TSval=596223898 TSecr=270166533"
"637","41.107139","192.168.11.20","216.58.194.164","TCP","66","[TCP Window Update] 63837  >  443 [ACK] Seq=5580 Ack=250434 Win=131072 Len=0 TSval=596223898 TSecr=270166533"
"638","41.107217","216.58.194.164","192.168.11.20","TLSv1.2","1484","Application Data [TCP segment of a reassembled PDU]"
"639","41.107334","216.58.194.164","192.168.11.20","TLSv1.2","1484","Application Data [TCP segment of a reassembled PDU]"
"640","41.107356","192.168.11.20","216.58.194.164","TCP","66","63837  >  443 [ACK] Seq=5580 Ack=253270 Win=129632 Len=0 TSval=596223899 TSecr=270166533"
"641","41.107481","216.58.194.164","192.168.11.20","TLSv1.2","1484","Application Data [TCP segment of a reassembled PDU]"
"642","41.107607","216.58.194.164","192.168.11.20","TLSv1.2","1484","Application Data [TCP segment of a reassembled PDU]"
"643","41.107634","192.168.11.20","216.58.194.164","TCP","66","63837  >  443 [ACK] Seq=5580 Ack=256106 Win=128224 Len=0 TSval=596223899 TSecr=270166533"
"644","41.107783","192.168.11.20","216.58.194.164","TCP","66","[TCP Window Update] 63837  >  443 [ACK] Seq=5580 Ack=256106 Win=131072 Len=0 TSval=596223899 TSecr=270166533"
"645","41.107956","216.58.194.164","192.168.11.20","TLSv1.2","1484","Application Data [TCP segment of a reassembled PDU]"
"646","41.108503","216.58.194.164","192.168.11.20","TLSv1.2","950","Application Data, Application Data"
"647","41.108531","192.168.11.20","216.58.194.164","TCP","66","63837  >  443 [ACK] Seq=5580 Ack=258408 Win=130176 Len=0 TSval=596223900 TSecr=270166534"
"648","41.108646","192.168.11.20","216.58.194.164","TLSv1.2","112","Application Data"
"649","41.136377","192.168.11.20","216.58.194.164","TLSv1.2","181","Application Data"
"650","41.142132","216.58.194.164","192.168.11.20","TCP","66","443  >  63837 [ACK] Seq=258408 Ack=5741 Win=73728 Len=0 TSval=270166568 TSecr=596223900"
"651","41.172017","216.58.194.164","192.168.11.20","TLSv1.2","305","Application Data"
"652","41.172067","192.168.11.20","216.58.194.164","TCP","66","63837  >  443 [ACK] Seq=5741 Ack=258647 Win=130816 Len=0 TSval=596223961 TSecr=270166599"
"653","41.172236","216.58.194.164","192.168.11.20","TLSv1.2","1484","Application Data"
"654","41.172260","192.168.11.20","216.58.194.164","TCP","66","63837  >  443 [ACK] Seq=5741 Ack=260065 Win=129632 Len=0 TSval=596223961 TSecr=270166599"
"655","41.173074","216.58.194.164","192.168.11.20","TLSv1.2","1484","Application Data"
"656","41.173078","216.58.194.164","192.168.11.20","TLSv1.2","857","Application Data"
"657","41.173079","216.58.194.164","192.168.11.20","TLSv1.2","104","Application Data"
"658","41.173080","216.58.194.164","192.168.11.20","TLSv1.2","112","Application Data"
"659","41.173165","192.168.11.20","216.58.194.164","TCP","66","63837  >  443 [ACK] Seq=5741 Ack=262274 Win=128832 Len=0 TSval=596223962 TSecr=270166599"
"660","41.173166","192.168.11.20","216.58.194.164","TCP","66","63837  >  443 [ACK] Seq=5741 Ack=262312 Win=128800 Len=0 TSval=596223962 TSecr=270166599"
"661","41.173223","192.168.11.20","216.58.194.164","TCP","66","63837  >  443 [ACK] Seq=5741 Ack=262358 Win=128768 Len=0 TSval=596223962 TSecr=270166599"
"662","41.173297","192.168.11.20","216.58.194.164","TLSv1.2","112","Application Data"
"663","41.249148","192.168.11.20","172.217.6.46","QUIC","420","Payload (Encrypted), PKN: 9, CID: 7589620954702436015"
"664","41.249148","192.168.11.20","172.217.6.46","QUIC","169","Payload (Encrypted), PKN: 10, CID: 7589620954702436015"
"665","41.259314","192.168.11.20","172.217.6.46","QUIC","420","Payload (Encrypted), PKN: 11, CID: 7589620954702436015"
"666","41.270374","192.168.11.20","172.217.6.46","QUIC","169","Payload (Encrypted), PKN: 12, CID: 7589620954702436015"
"667","41.315055","192.168.11.20","216.58.194.164","TCP","112","[TCP Retransmission] 63837  >  443 [PSH, ACK] Seq=5741 Ack=262358 Win=131072 Len=46 TSval=596224103 TSecr=270166599"
"668","41.480841","192.168.11.20","216.58.194.164","TCP","112","[TCP Retransmission] 63837  >  443 [PSH, ACK] Seq=5741 Ack=262358 Win=131072 Len=46 TSval=596224256 TSecr=270166599"
"669","41.480842","192.168.11.20","172.217.6.46","QUIC","420","Payload (Encrypted), PKN: 13, CID: 7589620954702436015"
"670","41.480842","192.168.11.20","172.217.6.46","QUIC","169","Payload (Encrypted), PKN: 14, CID: 7589620954702436015"
"671","41.737475","192.168.11.20","151.101.42.49","TLSv1.2","179","Application Data"
"672","41.744032","216.58.194.164","192.168.11.20","TCP","66","443  >  63837 [ACK] Seq=262358 Ack=5787 Win=73728 Len=0 TSval=270166604 TSecr=596223962"
"673","41.755449","216.58.194.164","192.168.11.20","TCP","78","[TCP Dup ACK 672#1] 443  >  63837 [ACK] Seq=262358 Ack=5787 Win=73728 Len=0 TSval=270167171 TSecr=596224103 SLE=5741 SRE=5787"
"674","41.803450","192.168.11.20","151.101.42.49","TCP","179","[TCP Retransmission] 63739  >  443 [PSH, ACK] Seq=679 Ack=7289 Win=4096 Len=113 TSval=596224588 TSecr=3673331556"
"675","41.870705","192.168.11.20","172.217.6.46","QUIC","420","Payload (Encrypted), PKN: 15, CID: 7589620954702436015"
"676","41.870729","192.168.11.20","172.217.6.46","QUIC","169","Payload (Encrypted), PKN: 16, CID: 7589620954702436015"
"677","41.982636","192.168.11.20","151.101.42.49","TCP","179","[TCP Retransmission] 63739  >  443 [PSH, ACK] Seq=679 Ack=7289 Win=4096 Len=113 TSval=596224766 TSecr=3673331556"
"678","42.273673","192.168.11.20","151.101.42.49","TCP","179","[TCP Retransmission] 63739  >  443 [PSH, ACK] Seq=679 Ack=7289 Win=4096 Len=113 TSval=596225057 TSecr=3673331556"
"679","42.301161","216.58.194.164","192.168.11.20","TCP","78","[TCP Dup ACK 672#2] 443  >  63837 [ACK] Seq=262358 Ack=5787 Win=73728 Len=0 TSval=270167171 TSecr=596224256 SLE=5741 SRE=5787"
"680","42.301170","172.217.6.46","192.168.11.20","QUIC","81","Payload (Encrypted), PKN: 8"
"681","42.301171","172.217.6.46","192.168.11.20","QUIC","72","Payload (Encrypted), PKN: 9"
"682","42.301624","172.217.6.46","192.168.11.20","QUIC","69","Payload (Encrypted), PKN: 10"
"683","42.302089","172.217.6.46","192.168.11.20","QUIC","591","Payload (Encrypted), PKN: 11"
"684","42.302094","172.217.6.46","192.168.11.20","QUIC","70","Payload (Encrypted), PKN: 12"
"685","42.302095","172.217.6.46","192.168.11.20","QUIC","270","Payload (Encrypted), PKN: 13"
"686","42.302096","172.217.6.46","192.168.11.20","QUIC","591","Payload (Encrypted), PKN: 14"
"687","42.302097","172.217.6.46","192.168.11.20","QUIC","70","Payload (Encrypted), PKN: 15"
"688","42.302100","151.101.42.49","192.168.11.20","TLSv1.2","242","Application Data"
"689","42.302219","192.168.11.20","151.101.42.49","TCP","66","63739  >  443 [ACK] Seq=792 Ack=7465 Win=4090 Len=0 TSval=596225084 TSecr=3673333700"
"690","42.303120","192.168.11.20","172.217.6.46","QUIC","89","Payload (Encrypted), PKN: 17, CID: 7589620954702436015"
"691","42.303284","192.168.11.20","172.217.6.46","QUIC","80","Payload (Encrypted), PKN: 18, CID: 7589620954702436015"
"692","42.304424","151.101.42.49","192.168.11.20","TCP","78","[TCP Dup ACK 688#1] 443  >  63739 [ACK] Seq=7465 Ack=792 Win=61 Len=0 TSval=3673333701 TSecr=596224588 SLE=679 SRE=792"
"693","42.304637","151.101.42.49","192.168.11.20","TCP","78","[TCP Dup ACK 688#2] 443  >  63739 [ACK] Seq=7465 Ack=792 Win=61 Len=0 TSval=3673333701 TSecr=596224766 SLE=679 SRE=792"
"694","42.304919","151.101.42.49","192.168.11.20","TCP","78","[TCP Dup ACK 688#3] 443  >  63739 [ACK] Seq=7465 Ack=792 Win=61 Len=0 TSval=3673333701 TSecr=596225057 SLE=679 SRE=792"
"695","42.305802","172.217.6.46","192.168.11.20","QUIC","72","Payload (Encrypted), PKN: 16"
"696","42.328413","192.168.11.20","172.217.6.46","QUIC","80","Payload (Encrypted), PKN: 19, CID: 7589620954702436015"
"697","42.720299","192.168.11.20","255.255.255.255","DB-LSP-DISC","238","Dropbox LAN sync Discovery Protocol"
"698","42.720462","192.168.11.20","192.168.11.255","DB-LSP-DISC","238","Dropbox LAN sync Discovery Protocol"
"699","45.357645","162.125.18.133","192.168.11.20","TLSv1.2","323","Application Data"
"700","45.357694","192.168.11.20","162.125.18.133","TCP","66","63731  >  443 [ACK] Seq=1 Ack=258 Win=4087 Len=0 TSval=596228137 TSecr=2225416707"
"701","45.360286","192.168.11.20","162.125.18.133","TCP","1494","63731  >  443 [ACK, CWR] Seq=1 Ack=258 Win=4096 Len=1428 TSval=596228139 TSecr=2225416707 [TCP segment of a reassembled PDU]"
"702","45.360287","192.168.11.20","162.125.18.133","TLSv1.2","688","Application Data"
"703","45.374834","192.168.11.20","192.168.11.1","DNS","78","Standard query 0x3ed6 A www.googleapis.com"
"704","45.378188","192.168.11.1","192.168.11.20","DNS","208","Standard query response 0x3ed6 A www.googleapis.com CNAME googleapis.l.google.com A 172.217.6.74 A 216.58.194.202 A 172.217.5.106 A 172.217.6.42 A 216.58.192.10 A 216.58.195.74"
"705","45.379634","192.168.11.20","172.217.6.74","QUIC","1392","Client Hello, PKN: 1, CID: 3358341154785542741"
"706","45.394937","192.168.11.20","172.217.6.74","QUIC","1392","Client Hello, PKN: 2, CID: 3358341154785542741"
"707","45.399501","172.217.6.74","192.168.11.20","QUIC","80","Payload (Encrypted), PKN: 1, CID: 3358341154785542741"
"708","45.402765","172.217.6.74","192.168.11.20","QUIC","1392","Rejection, PKN: 2, CID: 3358341154785542741"
"709","45.402773","172.217.6.74","192.168.11.20","QUIC","1392","Payload (Encrypted), PKN: 3, CID: 3358341154785542741"
"710","45.405099","192.168.11.20","172.217.6.74","QUIC","1392","Payload (Encrypted), PKN: 3, CID: 3358341154785542741"
"711","45.416467","192.168.11.20","172.217.6.74","QUIC","1392","Client Hello, PKN: 4, CID: 3358341154785542741"
"712","45.422522","172.217.6.74","192.168.11.20","QUIC","80","Payload (Encrypted), PKN: 4, CID: 3358341154785542741"
"713","45.427556","172.217.6.74","192.168.11.20","QUIC","1392","Payload (Encrypted), PKN: 5"
"714","45.427803","172.217.6.74","192.168.11.20","QUIC","73","Payload (Encrypted), PKN: 6"
"715","45.428262","192.168.11.20","172.217.6.74","QUIC","81","Payload (Encrypted), PKN: 5, CID: 3358341154785542741"
"716","45.428317","192.168.11.20","172.217.6.74","QUIC","83","Payload (Encrypted), PKN: 6, CID: 3358341154785542741"
"717","45.428565","192.168.11.20","172.217.6.74","QUIC","308","Payload (Encrypted), PKN: 7, CID: 3358341154785542741"
"718","45.428566","192.168.11.20","172.217.6.74","QUIC","1392","Payload (Encrypted), PKN: 8, CID: 3358341154785542741"
"719","45.428580","192.168.11.20","172.217.6.74","QUIC","1392","Payload (Encrypted), PKN: 9, CID: 3358341154785542741"
"720","45.428581","192.168.11.20","172.217.6.74","QUIC","789","Payload (Encrypted), PKN: 10, CID: 3358341154785542741"
"721","45.437030","172.217.6.74","192.168.11.20","QUIC","72","Payload (Encrypted), PKN: 8"
"722","45.437037","172.217.6.74","192.168.11.20","QUIC","78","Payload (Encrypted), PKN: 7"
"723","45.438012","162.125.18.133","192.168.11.20","TCP","78","[TCP Window Update] 443  >  63731 [ACK] Seq=258 Ack=1 Win=273 Len=0 TSval=2225416780 TSecr=596228137 SLE=1429 SRE=2051"
"724","45.438019","162.125.18.133","192.168.11.20","TCP","66","443  >  63731 [ACK] Seq=258 Ack=2051 Win=278 Len=0 TSval=2225416780 TSecr=596228139"
"725","45.438189","192.168.11.20","162.125.18.133","TCP","1494","[TCP Spurious Retransmission] 63731  >  443 [ACK] Seq=1 Ack=258 Win=4096 Len=1428 TSval=596228216 TSecr=2225416780"
"726","45.463346","Buffalo_75:d5:82","Broadcast","ARP","42","Who has 192.168.11.129? Tell 192.168.11.1"
"727","45.476983","172.217.6.74","192.168.11.20","QUIC","444","Payload (Encrypted), PKN: 9"
"728","45.476992","172.217.6.74","192.168.11.20","QUIC","152","Payload (Encrypted), PKN: 10"
"729","45.477313","192.168.11.20","172.217.6.74","QUIC","86","Payload (Encrypted), PKN: 11, CID: 3358341154785542741"
"730","45.479977","172.217.6.74","192.168.11.20","QUIC","206","Payload (Encrypted), PKN: 11"
"731","45.505684","192.168.11.20","172.217.6.74","QUIC","77","Payload (Encrypted), PKN: 12, CID: 3358341154785542741"
"732","45.513904","162.125.18.133","192.168.11.20","TCP","78","[TCP Dup ACK 724#1] 443  >  63731 [ACK] Seq=258 Ack=2051 Win=278 Len=0 TSval=2225416799 TSecr=596228139 SLE=1 SRE=1429"
"733","46.440213","192.168.11.20","192.168.11.1","DNS","87","Standard query 0x4f60 A safebrowsing.googleapis.com"
"734","46.442269","74.125.28.189","192.168.11.20","QUIC","81","Payload (Encrypted), PKN: 139"
"735","46.444487","192.168.11.1","192.168.11.20","DNS","103","Standard query response 0x4f60 A safebrowsing.googleapis.com A 216.58.194.170"
"736","46.446043","192.168.11.20","216.58.194.170","QUIC","1392","Client Hello, PKN: 1, CID: 5195815614173530682"
"737","46.446168","192.168.11.20","216.58.194.170","QUIC","738","Payload (Encrypted), PKN: 2, CID: 5195815614173530682"
"738","46.450942","192.168.11.20","74.125.28.189","QUIC","80","Payload (Encrypted), PKN: 112, CID: 10299038160135888930"
"739","46.461182","192.168.11.20","216.58.194.170","QUIC","1392","Client Hello, PKN: 3, CID: 5195815614173530682"
"740","46.470428","216.58.194.170","192.168.11.20","QUIC","1392","Payload (Encrypted), PKN: 1"
"741","46.470433","216.58.194.170","192.168.11.20","QUIC","73","Payload (Encrypted), PKN: 2"
"742","46.470962","192.168.11.20","216.58.194.170","QUIC","83","Payload (Encrypted), PKN: 4, CID: 5195815614173530682"
"743","46.471016","192.168.11.20","216.58.194.170","QUIC","80","Payload (Encrypted), PKN: 5, CID: 5195815614173530682"
"744","46.483722","192.168.11.20","216.58.194.170","QUIC","734","Payload (Encrypted), PKN: 6, CID: 5195815614173530682"
"745","46.487331","Buffalo_75:d5:82","Broadcast","ARP","42","Who has 192.168.11.129? Tell 192.168.11.1"
"746","46.487337","216.58.194.170","192.168.11.20","QUIC","1392","Payload (Encrypted), PKN: 3"
"747","46.493095","216.58.194.170","192.168.11.20","QUIC","75","Payload (Encrypted), PKN: 4"
"748","46.493601","216.58.194.170","192.168.11.20","QUIC","75","Payload (Encrypted), PKN: 5"
"749","46.513859","192.168.11.20","216.58.194.170","QUIC","83","Payload (Encrypted), PKN: 7, CID: 5195815614173530682"
"750","46.515854","216.58.194.170","192.168.11.20","QUIC","403","Payload (Encrypted), PKN: 6"
"751","46.515861","216.58.194.170","192.168.11.20","QUIC","267","Payload (Encrypted), PKN: 7"
"752","46.516264","192.168.11.20","216.58.194.170","QUIC","80","Payload (Encrypted), PKN: 8, CID: 5195815614173530682"
"753","46.561705","192.168.11.20","192.168.11.1","DNS","75","Standard query 0xe5cb A play.google.com"
"754","46.566877","192.168.11.1","192.168.11.20","DNS","112","Standard query response 0xe5cb A play.google.com CNAME play.l.google.com A 216.58.194.174"
"755","46.568518","192.168.11.20","216.58.194.174","QUIC","1392","Client Hello, PKN: 1, CID: 17873693971506258213"
"756","46.583749","192.168.11.20","216.58.194.174","QUIC","1392","Client Hello, PKN: 2, CID: 17873693971506258213"
"757","46.588860","216.58.194.174","192.168.11.20","QUIC","80","Payload (Encrypted), PKN: 1, CID: 17873693971506258213"
"758","46.591585","216.58.194.174","192.168.11.20","QUIC","1392","Payload (Encrypted), PKN: 2"
"759","46.591792","216.58.194.174","192.168.11.20","QUIC","73","Payload (Encrypted), PKN: 3"
"760","46.591938","192.168.11.20","216.58.194.174","QUIC","81","Payload (Encrypted), PKN: 3, CID: 17873693971506258213"
"761","46.591984","192.168.11.20","216.58.194.174","QUIC","83","Payload (Encrypted), PKN: 4, CID: 17873693971506258213"
"762","46.592125","192.168.11.20","216.58.194.174","QUIC","389","Payload (Encrypted), PKN: 5, CID: 17873693971506258213"
"763","46.592126","192.168.11.20","216.58.194.174","QUIC","1392","Payload (Encrypted), PKN: 6, CID: 17873693971506258213"
"764","46.592126","192.168.11.20","216.58.194.174","QUIC","286","Payload (Encrypted), PKN: 7, CID: 17873693971506258213"
"765","46.597395","216.58.194.174","192.168.11.20","QUIC","78","Payload (Encrypted), PKN: 4"
"766","46.622324","216.58.194.174","192.168.11.20","QUIC","69","Payload (Encrypted), PKN: 5"
"767","46.629208","216.58.194.174","192.168.11.20","QUIC","799","Payload (Encrypted), PKN: 6"
"768","46.654999","192.168.11.20","216.58.194.174","QUIC","83","Payload (Encrypted), PKN: 8, CID: 17873693971506258213"
"769","47.102042","192.168.11.5","192.168.11.255","UDP","86","57621  >  57621 Len=44"
"770","47.511173","Buffalo_75:d5:82","Broadcast","ARP","42","Who has 192.168.11.129? Tell 192.168.11.1"
"771","48.535265","Buffalo_75:d5:82","Broadcast","ARP","42","Who has 192.168.11.129? Tell 192.168.11.1"
"772","49.189575","192.168.11.20","216.58.194.164","TLSv1.2","506","Application Data"
"773","49.199323","216.58.194.164","192.168.11.20","TCP","66","443  >  63837 [ACK] Seq=262358 Ack=6227 Win=75776 Len=0 TSval=270174627 TSecr=596231962"
"774","49.243523","216.58.194.164","192.168.11.20","TLSv1.2","283","Application Data"
"775","49.243571","192.168.11.20","216.58.194.164","TCP","66","63837  >  443 [ACK] Seq=6227 Ack=262575 Win=130848 Len=0 TSval=596232014 TSecr=270174670"
"776","49.243641","216.58.194.164","192.168.11.20","TLSv1.2","292","Application Data"
"777","49.243664","192.168.11.20","216.58.194.164","TCP","66","63837  >  443 [ACK] Seq=6227 Ack=262801 Win=130816 Len=0 TSval=596232014 TSecr=270174670"
"778","49.244369","216.58.194.164","192.168.11.20","TLSv1.2","104","Application Data"
"779","49.244402","192.168.11.20","216.58.194.164","TCP","66","63837  >  443 [ACK] Seq=6227 Ack=262839 Win=131008 Len=0 TSval=596232014 TSecr=270174672"
"780","49.244612","216.58.194.164","192.168.11.20","TLSv1.2","112","Application Data"
"781","49.244640","192.168.11.20","216.58.194.164","TCP","66","63837  >  443 [ACK] Seq=6227 Ack=262885 Win=131008 Len=0 TSval=596232015 TSecr=270174672"
"782","49.244710","192.168.11.20","216.58.194.164","TLSv1.2","112","Application Data"
"783","49.253200","216.58.194.164","192.168.11.20","TCP","66","443  >  63837 [ACK] Seq=262885 Ack=6273 Win=75776 Len=0 TSval=270174676 TSecr=596232015"
"784","49.403351","192.168.11.20","216.58.194.164","TLSv1.2","296","Application Data"
"785","49.407298","216.58.194.164","192.168.11.20","TCP","66","443  >  63837 [ACK] Seq=262885 Ack=6503 Win=78080 Len=0 TSval=270174835 TSecr=596232171"
"786","49.445867","216.58.194.164","192.168.11.20","TLSv1.2","286","Application Data"
"787","49.445932","192.168.11.20","216.58.194.164","TCP","66","63837  >  443 [ACK] Seq=6503 Ack=263105 Win=130848 Len=0 TSval=596232213 TSecr=270174873"
"788","49.448322","216.58.194.164","192.168.11.20","TLSv1.2","324","Application Data, Application Data"
"789","49.448327","216.58.194.164","192.168.11.20","TLSv1.2","112","Application Data"
"790","49.448377","192.168.11.20","216.58.194.164","TCP","66","63837  >  443 [ACK] Seq=6503 Ack=263363 Win=130784 Len=0 TSval=596232215 TSecr=270174873"
"791","49.448378","192.168.11.20","216.58.194.164","TCP","66","63837  >  443 [ACK] Seq=6503 Ack=263409 Win=130752 Len=0 TSval=596232215 TSecr=270174873"
"792","49.448765","192.168.11.20","216.58.194.164","TLSv1.2","112","Application Data"
"793","49.493442","216.58.194.164","192.168.11.20","TCP","66","443  >  63837 [ACK] Seq=263409 Ack=6549 Win=78080 Len=0 TSval=270174882 TSecr=596232215"
"794","49.559250","Buffalo_75:d5:82","Broadcast","ARP","42","Who has 192.168.11.129? Tell 192.168.11.1"
"795","49.654919","192.168.11.20","216.58.194.164","TLSv1.2","298","Application Data"
"796","49.661806","216.58.194.164","192.168.11.20","TCP","66","443  >  63837 [ACK] Seq=263409 Ack=6781 Win=80384 Len=0 TSval=270175089 TSecr=596232420"
"797","49.697736","216.58.194.164","192.168.11.20","TLSv1.2","284","Application Data"
"798","49.697789","192.168.11.20","216.58.194.164","TCP","66","63837  >  443 [ACK] Seq=6781 Ack=263627 Win=130848 Len=0 TSval=596232461 TSecr=270175125"
"799","49.697868","216.58.194.164","192.168.11.20","TLSv1.2","320","Application Data, Application Data"
"800","49.697885","192.168.11.20","216.58.194.164","TCP","66","63837  >  443 [ACK] Seq=6781 Ack=263881 Win=130816 Len=0 TSval=596232461 TSecr=270175125"
"801","49.698071","216.58.194.164","192.168.11.20","TLSv1.2","112","Application Data"
"802","49.698105","192.168.11.20","216.58.194.164","TCP","66","63837  >  443 [ACK] Seq=6781 Ack=263927 Win=131008 Len=0 TSval=596232461 TSecr=270175125"
"803","49.698241","192.168.11.20","216.58.194.164","TLSv1.2","112","Application Data"
"804","49.741424","216.58.194.164","192.168.11.20","TCP","66","443  >  63837 [ACK] Seq=263927 Ack=6827 Win=80384 Len=0 TSval=270175130 TSecr=596232461"
"805","50.173855","192.168.11.62","192.168.11.255","UDP","86","57621  >  57621 Len=44"
"806","50.261298","192.168.11.20","216.58.194.164","TLSv1.2","346","Application Data"
"807","50.268353","216.58.194.164","192.168.11.20","TCP","66","443  >  63837 [ACK] Seq=263927 Ack=7107 Win=82432 Len=0 TSval=270175694 TSecr=596233020"
"808","50.315082","192.168.11.20","151.101.42.49","TLSv1.2","179","Application Data"
"809","50.318520","151.101.42.49","192.168.11.20","TCP","66","443  >  63739 [ACK] Seq=7465 Ack=905 Win=61 Len=0 TSval=3673335705 TSecr=596233073"
"810","50.319157","151.101.42.49","192.168.11.20","TLSv1.2","281","Application Data"
"811","50.319204","192.168.11.20","151.101.42.49","TCP","66","63739  >  443 [ACK] Seq=905 Ack=7680 Win=4089 Len=0 TSval=596233076 TSecr=3673335705"
"812","50.396110","216.58.194.164","192.168.11.20","TLSv1.2","351","Application Data"
"813","50.396115","216.58.194.164","192.168.11.20","TLSv1.2","1484","Application Data"
"814","50.396231","192.168.11.20","216.58.194.164","TCP","66","63837  >  443 [ACK] Seq=7107 Ack=264212 Win=130784 Len=0 TSval=596233153 TSecr=270175823"
"815","50.396231","192.168.11.20","216.58.194.164","TCP","66","63837  >  443 [ACK] Seq=7107 Ack=265630 Win=129344 Len=0 TSval=596233153 TSecr=270175823"
"816","50.396521","216.58.194.164","192.168.11.20","TLSv1.2","1484","Application Data"
"817","50.396526","216.58.194.164","192.168.11.20","TLSv1.2","1484","Application Data"
"818","50.396561","216.58.194.164","192.168.11.20","TLSv1.2","1484","Application Data"
"819","50.396590","192.168.11.20","216.58.194.164","TCP","66","63837  >  443 [ACK] Seq=7107 Ack=268466 Win=128224 Len=0 TSval=596233153 TSecr=270175823"
"820","50.396629","192.168.11.20","216.58.194.164","TCP","66","63837  >  443 [ACK] Seq=7107 Ack=269884 Win=131072 Len=0 TSval=596233153 TSecr=270175824"
"821","50.396807","216.58.194.164","192.168.11.20","TLSv1.2","1484","Application Data"
"822","50.396812","216.58.194.164","192.168.11.20","TLSv1.2","1484","Application Data"
"823","50.396813","216.58.194.164","192.168.11.20","TLSv1.2","1009","Application Data, Application Data"
"824","50.396862","192.168.11.20","216.58.194.164","TCP","66","63837  >  443 [ACK] Seq=7107 Ack=272720 Win=128224 Len=0 TSval=596233153 TSecr=270175824"
"825","50.396862","192.168.11.20","216.58.194.164","TCP","66","63837  >  443 [ACK] Seq=7107 Ack=273663 Win=127264 Len=0 TSval=596233153 TSecr=270175824"
"826","50.396948","192.168.11.20","216.58.194.164","TCP","66","[TCP Window Update] 63837  >  443 [ACK] Seq=7107 Ack=273663 Win=131072 Len=0 TSval=596233153 TSecr=270175824"
"827","50.414937","216.58.194.164","192.168.11.20","TLSv1.2","1484","Application Data"
"828","50.414983","192.168.11.20","216.58.194.164","TCP","66","63837  >  443 [ACK] Seq=7107 Ack=275081 Win=129632 Len=0 TSval=596233171 TSecr=270175842"
"829","50.415278","216.58.194.164","192.168.11.20","TLSv1.2","1484","Application Data"
"830","50.415304","192.168.11.20","216.58.194.164","TCP","66","63837  >  443 [ACK] Seq=7107 Ack=276499 Win=129632 Len=0 TSval=596233171 TSecr=270175842"
"831","50.415594","216.58.194.164","192.168.11.20","TLSv1.2","1484","Application Data"
"832","50.415647","192.168.11.20","216.58.194.164","TCP","66","63837  >  443 [ACK] Seq=7107 Ack=277917 Win=131072 Len=0 TSval=596233171 TSecr=270175842"
"833","50.416981","216.58.194.164","192.168.11.20","TLSv1.2","1484","Application Data"
"834","50.416984","216.58.194.164","192.168.11.20","TLSv1.2","1484","Application Data"
"835","50.417012","192.168.11.20","216.58.194.164","TCP","66","63837  >  443 [ACK] Seq=7107 Ack=280753 Win=128224 Len=0 TSval=596233173 TSecr=270175842"
"836","50.417067","192.168.11.20","216.58.194.164","TCP","66","[TCP Window Update] 63837  >  443 [ACK] Seq=7107 Ack=280753 Win=131072 Len=0 TSval=596233173 TSecr=270175842"
"837","50.417172","216.58.194.164","192.168.11.20","TLSv1.2","1484","Application Data"
"838","50.417175","216.58.194.164","192.168.11.20","TLSv1.2","1484","Application Data"
"839","50.417207","192.168.11.20","216.58.194.164","TCP","66","63837  >  443 [ACK] Seq=7107 Ack=282171 Win=129632 Len=0 TSval=596233173 TSecr=270175842"
"840","50.417268","216.58.194.164","192.168.11.20","TLSv1.2","1484","Application Data"
"841","50.417277","192.168.11.20","216.58.194.164","TCP","66","63837  >  443 [ACK] Seq=7107 Ack=283589 Win=131072 Len=0 TSval=596233173 TSecr=270175842"
"842","50.417300","192.168.11.20","216.58.194.164","TCP","66","63837  >  443 [ACK] Seq=7107 Ack=285007 Win=129632 Len=0 TSval=596233173 TSecr=270175842"
"843","50.417462","216.58.194.164","192.168.11.20","TLSv1.2","1484","Application Data"
"844","50.417465","216.58.194.164","192.168.11.20","TLSv1.2","1484","Application Data"
"845","50.417492","192.168.11.20","216.58.194.164","TCP","66","63837  >  443 [ACK] Seq=7107 Ack=287843 Win=128224 Len=0 TSval=596233173 TSecr=270175842"
"846","50.417553","192.168.11.20","216.58.194.164","TCP","66","[TCP Window Update] 63837  >  443 [ACK] Seq=7107 Ack=287843 Win=131072 Len=0 TSval=596233173 TSecr=270175842"
"847","50.417616","216.58.194.164","192.168.11.20","TLSv1.2","1484","Application Data"
"848","50.417619","216.58.194.164","192.168.11.20","TLSv1.2","1203","Application Data"
"849","50.417642","192.168.11.20","216.58.194.164","TCP","66","63837  >  443 [ACK] Seq=7107 Ack=290398 Win=128512 Len=0 TSval=596233173 TSecr=270175842"
"850","50.418985","216.58.194.164","192.168.11.20","TLSv1.2","1484","Application Data"
"851","50.419019","192.168.11.20","216.58.194.164","TCP","66","63837  >  443 [ACK] Seq=7107 Ack=291816 Win=129632 Len=0 TSval=596233175 TSecr=270175846"
"852","50.419275","216.58.194.164","192.168.11.20","TLSv1.2","1484","Application Data"
"853","50.419353","192.168.11.20","216.58.194.164","TCP","66","63837  >  443 [ACK] Seq=7107 Ack=293234 Win=131072 Len=0 TSval=596233175 TSecr=270175846"
"854","50.419533","216.58.194.164","192.168.11.20","TLSv1.2","1484","Application Data"
"855","50.419536","216.58.194.164","192.168.11.20","TLSv1.2","1484","Application Data"
"856","50.419537","216.58.194.164","192.168.11.20","TLSv1.2","1484","Application Data"
"857","50.419570","192.168.11.20","216.58.194.164","TCP","66","63837  >  443 [ACK] Seq=7107 Ack=294652 Win=129632 Len=0 TSval=596233175 TSecr=270175846"
"858","50.419570","192.168.11.20","216.58.194.164","TCP","66","63837  >  443 [ACK] Seq=7107 Ack=297488 Win=126816 Len=0 TSval=596233175 TSecr=270175846"
"859","50.419637","192.168.11.20","216.58.194.164","TCP","66","[TCP Window Update] 63837  >  443 [ACK] Seq=7107 Ack=297488 Win=131072 Len=0 TSval=596233175 TSecr=270175846"
"860","50.419698","216.58.194.164","192.168.11.20","TLSv1.2","1484","Application Data"
"861","50.419700","216.58.194.164","192.168.11.20","TLSv1.2","246","Application Data"
"862","50.419725","192.168.11.20","216.58.194.164","TCP","66","63837  >  443 [ACK] Seq=7107 Ack=299086 Win=129472 Len=0 TSval=596233175 TSecr=270175846"
"863","50.584667","Buffalo_75:d5:82","Broadcast","ARP","42","Who has 192.168.11.129? Tell 192.168.11.1"
"864","50.787970","216.58.194.164","192.168.11.20","TLSv1.2","1484","Application Data"
"865","50.788016","192.168.11.20","216.58.194.164","TCP","66","63837  >  443 [ACK] Seq=7107 Ack=300504 Win=129632 Len=0 TSval=596233542 TSecr=270176138"
"866","50.788284","216.58.194.164","192.168.11.20","TLSv1.2","1484","Application Data"
"867","50.788313","192.168.11.20","216.58.194.164","TCP","66","63837  >  443 [ACK] Seq=7107 Ack=301922 Win=129632 Len=0 TSval=596233542 TSecr=270176138"
"868","50.788988","216.58.194.164","192.168.11.20","TLSv1.2","1484","Application Data"
"869","50.788991","216.58.194.164","192.168.11.20","TLSv1.2","1484","Application Data"
"870","50.789021","192.168.11.20","216.58.194.164","TCP","66","63837  >  443 [ACK] Seq=7107 Ack=303340 Win=129632 Len=0 TSval=596233543 TSecr=270176138"
"871","50.789063","192.168.11.20","216.58.194.164","TCP","66","63837  >  443 [ACK] Seq=7107 Ack=304758 Win=131072 Len=0 TSval=596233543 TSecr=270176138"
"872","50.789110","216.58.194.164","192.168.11.20","TLSv1.2","1484","Application Data"
"873","50.789113","216.58.194.164","192.168.11.20","TLSv1.2","1484","Application Data"
"874","50.789134","192.168.11.20","216.58.194.164","TCP","66","63837  >  443 [ACK] Seq=7107 Ack=306176 Win=129632 Len=0 TSval=596233543 TSecr=270176138"
"875","50.789158","192.168.11.20","216.58.194.164","TCP","66","63837  >  443 [ACK] Seq=7107 Ack=307594 Win=131072 Len=0 TSval=596233543 TSecr=270176138"
"876","50.789313","216.58.194.164","192.168.11.20","TLSv1.2","1354","Application Data"
"877","50.789315","216.58.194.164","192.168.11.20","TLSv1.2","1484","Application Data"
"878","50.789338","192.168.11.20","216.58.194.164","TCP","66","63837  >  443 [ACK] Seq=7107 Ack=308882 Win=129760 Len=0 TSval=596233543 TSecr=270176138"
"879","50.789338","192.168.11.20","216.58.194.164","TCP","66","63837  >  443 [ACK] Seq=7107 Ack=310300 Win=128352 Len=0 TSval=596233543 TSecr=270176145"
"880","50.789546","216.58.194.164","192.168.11.20","TLSv1.2","1484","Application Data"
"881","50.789548","216.58.194.164","192.168.11.20","TLSv1.2","1484","Application Data"
"882","50.789571","192.168.11.20","216.58.194.164","TCP","66","63837  >  443 [ACK] Seq=7107 Ack=313136 Win=128224 Len=0 TSval=596233543 TSecr=270176145"
"883","50.789590","192.168.11.20","216.58.194.164","TCP","66","[TCP Window Update] 63837  >  443 [ACK] Seq=7107 Ack=313136 Win=131072 Len=0 TSval=596233543 TSecr=270176145"
"884","50.789724","216.58.194.164","192.168.11.20","TLSv1.2","1484","Application Data"
"885","50.789995","216.58.194.164","192.168.11.20","TLSv1.2","531","Application Data"
"886","50.790022","192.168.11.20","216.58.194.164","TCP","66","63837  >  443 [ACK] Seq=7107 Ack=315019 Win=130592 Len=0 TSval=596233544 TSecr=270176145"
"887","50.793046","216.58.194.164","192.168.11.20","TLSv1.2","531","[TCP Spurious Retransmission] , Application Data"
"888","50.793051","216.58.194.164","192.168.11.20","TLSv1.2","1484","Application Data"
"889","50.793079","216.58.194.164","192.168.11.20","TLSv1.2","1484","Application Data"
"890","50.793103","192.168.11.20","216.58.194.164","TCP","78","[TCP Window Update] 63837  >  443 [ACK] Seq=7107 Ack=315019 Win=131072 Len=0 TSval=596233547 TSecr=270176159 SLE=314554 SRE=315019"
"891","50.793104","192.168.11.20","216.58.194.164","TCP","66","63837  >  443 [ACK] Seq=7107 Ack=316437 Win=129632 Len=0 TSval=596233547 TSecr=270176165"
"892","50.793157","192.168.11.20","216.58.194.164","TCP","66","63837  >  443 [ACK] Seq=7107 Ack=317855 Win=131072 Len=0 TSval=596233547 TSecr=270176165"
"893","50.793278","216.58.194.164","192.168.11.20","TLSv1.2","1484","Application Data"
"894","50.793282","216.58.194.164","192.168.11.20","TLSv1.2","1484","Application Data"
"895","50.793309","192.168.11.20","216.58.194.164","TCP","66","63837  >  443 [ACK] Seq=7107 Ack=319273 Win=129632 Len=0 TSval=596233547 TSecr=270176165"
"896","50.793326","192.168.11.20","216.58.194.164","TCP","66","63837  >  443 [ACK] Seq=7107 Ack=320691 Win=131072 Len=0 TSval=596233547 TSecr=270176165"
"897","50.793474","216.58.194.164","192.168.11.20","TLSv1.2","1484","Application Data"
"898","50.793477","216.58.194.164","192.168.11.20","TLSv1.2","1484","Application Data"
"899","50.793502","192.168.11.20","216.58.194.164","TCP","66","63837  >  443 [ACK] Seq=7107 Ack=323527 Win=128224 Len=0 TSval=596233547 TSecr=270176165"
"900","50.793520","192.168.11.20","216.58.194.164","TCP","66","[TCP Window Update] 63837  >  443 [ACK] Seq=7107 Ack=323527 Win=131072 Len=0 TSval=596233547 TSecr=270176165"
"901","50.793668","216.58.194.164","192.168.11.20","TLSv1.2","1484","Application Data"
"902","50.793671","216.58.194.164","192.168.11.20","TLSv1.2","1484","Application Data"
"903","50.793696","192.168.11.20","216.58.194.164","TCP","66","63837  >  443 [ACK] Seq=7107 Ack=326363 Win=128224 Len=0 TSval=596233547 TSecr=270176165"
"904","50.793719","192.168.11.20","216.58.194.164","TCP","66","[TCP Window Update] 63837  >  443 [ACK] Seq=7107 Ack=326363 Win=131072 Len=0 TSval=596233547 TSecr=270176165"
"905","50.793859","216.58.194.164","192.168.11.20","TLSv1.2","1484","Application Data"
"906","50.793862","216.58.194.164","192.168.11.20","TLSv1.2","1484","Application Data"
"907","50.793882","192.168.11.20","216.58.194.164","TCP","66","63837  >  443 [ACK] Seq=7107 Ack=329199 Win=128224 Len=0 TSval=596233547 TSecr=270176165"
"908","50.793931","192.168.11.20","216.58.194.164","TCP","66","[TCP Window Update] 63837  >  443 [ACK] Seq=7107 Ack=329199 Win=131072 Len=0 TSval=596233547 TSecr=270176165"
"909","50.794094","216.58.194.164","192.168.11.20","TLSv1.2","1484","Application Data"
"910","50.794096","216.58.194.164","192.168.11.20","TLSv1.2","1088","Application Data"
"911","50.794097","216.58.194.164","192.168.11.20","TLSv1.2","1484","Application Data"
"912","50.794123","192.168.11.20","216.58.194.164","TCP","66","63837  >  443 [ACK] Seq=7107 Ack=331639 Win=128608 Len=0 TSval=596233548 TSecr=270176165"
"913","50.794123","192.168.11.20","216.58.194.164","TCP","66","63837  >  443 [ACK] Seq=7107 Ack=333057 Win=127200 Len=0 TSval=596233548 TSecr=270176169"
"914","50.794141","192.168.11.20","216.58.194.164","TCP","66","[TCP Window Update] 63837  >  443 [ACK] Seq=7107 Ack=333057 Win=131072 Len=0 TSval=596233548 TSecr=270176169"
"915","50.794223","216.58.194.164","192.168.11.20","TLSv1.2","1484","Application Data"
"916","50.794319","216.58.194.164","192.168.11.20","TLSv1.2","1484","Application Data"
"917","50.794339","192.168.11.20","216.58.194.164","TCP","66","63837  >  443 [ACK] Seq=7107 Ack=335893 Win=129632 Len=0 TSval=596233548 TSecr=270176169"
"918","50.794510","216.58.194.164","192.168.11.20","TLSv1.2","1484","Application Data"
"919","50.794512","216.58.194.164","192.168.11.20","TLSv1.2","1484","Application Data"
"920","50.794532","192.168.11.20","216.58.194.164","TCP","66","63837  >  443 [ACK] Seq=7107 Ack=338729 Win=128224 Len=0 TSval=596233548 TSecr=270176169"
"921","50.794557","192.168.11.20","216.58.194.164","TCP","66","[TCP Window Update] 63837  >  443 [ACK] Seq=7107 Ack=338729 Win=131072 Len=0 TSval=596233548 TSecr=270176169"
"922","50.794704","216.58.194.164","192.168.11.20","TLSv1.2","1484","Application Data"
"923","50.794706","216.58.194.164","192.168.11.20","TLSv1.2","1484","Application Data"
"924","50.794728","192.168.11.20","216.58.194.164","TCP","66","63837  >  443 [ACK] Seq=7107 Ack=341565 Win=128224 Len=0 TSval=596233548 TSecr=270176169"
"925","50.794753","192.168.11.20","216.58.194.164","TCP","66","[TCP Window Update] 63837  >  443 [ACK] Seq=7107 Ack=341565 Win=131072 Len=0 TSval=596233548 TSecr=270176169"
"926","50.794963","216.58.194.164","192.168.11.20","TLSv1.2","1484","Application Data"
"927","50.794987","192.168.11.20","216.58.194.164","TCP","66","63837  >  443 [ACK] Seq=7107 Ack=342983 Win=129632 Len=0 TSval=596233548 TSecr=270176169"
"928","50.795225","216.58.194.164","192.168.11.20","TLSv1.2","1484","Application Data"
"929","50.795228","216.58.194.164","192.168.11.20","TLSv1.2","1484","Application Data"
"930","50.795251","192.168.11.20","216.58.194.164","TCP","66","63837  >  443 [ACK] Seq=7107 Ack=345819 Win=128224 Len=0 TSval=596233549 TSecr=270176169"
"931","50.795277","192.168.11.20","216.58.194.164","TCP","66","[TCP Window Update] 63837  >  443 [ACK] Seq=7107 Ack=345819 Win=131072 Len=0 TSval=596233549 TSecr=270176169"
"932","50.795384","216.58.194.164","192.168.11.20","TLSv1.2","1484","Application Data"
"933","50.795386","216.58.194.164","192.168.11.20","TLSv1.2","1209","Application Data"
"934","50.795408","192.168.11.20","216.58.194.164","TCP","66","63837  >  443 [ACK] Seq=7107 Ack=348380 Win=128480 Len=0 TSval=596233549 TSecr=270176169"
"935","50.795615","216.58.194.164","192.168.11.20","TLSv1.2","1484","Application Data"
"936","50.795617","216.58.194.164","192.168.11.20","TLSv1.2","1484","Application Data"
"937","50.795618","216.58.194.164","192.168.11.20","TLSv1.2","876","Application Data"
"938","50.795619","216.58.194.164","192.168.11.20","TLSv1.2","104","Application Data"
"939","50.795619","216.58.194.164","192.168.11.20","TLSv1.2","112","Application Data"
"940","50.795670","192.168.11.20","216.58.194.164","TCP","66","63837  >  443 [ACK] Seq=7107 Ack=349798 Win=129632 Len=0 TSval=596233549 TSecr=270176170"
"941","50.795670","192.168.11.20","216.58.194.164","TCP","66","63837  >  443 [ACK] Seq=7107 Ack=352026 Win=127424 Len=0 TSval=596233549 TSecr=270176170"
"942","50.795670","192.168.11.20","216.58.194.164","TCP","66","63837  >  443 [ACK] Seq=7107 Ack=352064 Win=127360 Len=0 TSval=596233549 TSecr=270176170"
"943","50.795679","192.168.11.20","216.58.194.164","TCP","66","63837  >  443 [ACK] Seq=7107 Ack=352110 Win=127328 Len=0 TSval=596233549 TSecr=270176170"
"944","50.795682","192.168.11.20","216.58.194.164","TCP","66","[TCP Window Update] 63837  >  443 [ACK] Seq=7107 Ack=352110 Win=131072 Len=0 TSval=596233549 TSecr=270176170"
"945","50.795796","192.168.11.20","216.58.194.164","TLSv1.2","112","Application Data"
"946","50.801079","216.58.194.164","192.168.11.20","TCP","66","443  >  63837 [ACK] Seq=352110 Ack=7153 Win=82432 Len=0 TSval=270176229 TSecr=596233549"
"947","51.031066","192.168.11.20","216.58.194.164","TLSv1.2","257","Application Data"
"948","51.037109","216.58.194.164","192.168.11.20","TCP","66","443  >  63837 [ACK] Seq=352110 Ack=7344 Win=84736 Len=0 TSval=270176464 TSecr=596233783"
"949","51.080484","216.58.194.164","192.168.11.20","TLSv1.2","307","Application Data"
"950","51.080537","192.168.11.20","216.58.194.164","TCP","66","63837  >  443 [ACK] Seq=7344 Ack=352351 Win=130816 Len=0 TSval=596233831 TSecr=270176508"
"951","51.081143","216.58.194.164","192.168.11.20","TLSv1.2","1484","Application Data"
"952","51.081189","192.168.11.20","216.58.194.164","TCP","66","63837  >  443 [ACK] Seq=7344 Ack=353769 Win=129632 Len=0 TSval=596233831 TSecr=270176508"
"953","51.082595","216.58.194.164","192.168.11.20","TLSv1.2","1484","Application Data"
"954","51.082598","216.58.194.164","192.168.11.20","TLSv1.2","906","Application Data"
"955","51.082599","216.58.194.164","192.168.11.20","TLSv1.2","104","Application Data"
"956","51.082600","216.58.194.164","192.168.11.20","TLSv1.2","112","Application Data"
"957","51.082644","192.168.11.20","216.58.194.164","TCP","66","63837  >  443 [ACK] Seq=7344 Ack=356027 Win=128800 Len=0 TSval=596233832 TSecr=270176508"
"958","51.082645","192.168.11.20","216.58.194.164","TCP","66","63837  >  443 [ACK] Seq=7344 Ack=356065 Win=128768 Len=0 TSval=596233832 TSecr=270176508"
"959","51.082645","192.168.11.20","216.58.194.164","TCP","66","63837  >  443 [ACK] Seq=7344 Ack=356111 Win=128704 Len=0 TSval=596233832 TSecr=270176508"
"960","51.083161","192.168.11.20","216.58.194.164","TLSv1.2","112","Application Data"
"961","51.086923","216.58.194.164","192.168.11.20","TCP","66","443  >  63837 [ACK] Seq=356111 Ack=7390 Win=84736 Len=0 TSval=270176515 TSecr=596233833"
"962","51.121466","192.168.11.20","172.217.6.46","QUIC","194","Payload (Encrypted), PKN: 20, CID: 7589620954702436015"
"963","51.121527","192.168.11.20","172.217.6.46","QUIC","169","Payload (Encrypted), PKN: 21, CID: 7589620954702436015"
"964","51.129741","172.217.6.46","192.168.11.20","QUIC","81","Payload (Encrypted), PKN: 17"
"965","51.421581","192.168.11.20","216.58.194.174","QUIC","429","Payload (Encrypted), PKN: 9, CID: 17873693971506258213"
"966","51.422513","192.168.11.20","216.58.194.174","QUIC","1392","Payload (Encrypted), PKN: 10, CID: 17873693971506258213"
"967","51.422514","192.168.11.20","216.58.194.174","QUIC","522","Payload (Encrypted), PKN: 11, CID: 17873693971506258213"
"968","51.428159","216.58.194.174","192.168.11.20","QUIC","78","Payload (Encrypted), PKN: 7"
"969","51.474364","216.58.194.174","192.168.11.20","QUIC","283","Payload (Encrypted), PKN: 8"
"970","51.474371","216.58.194.174","192.168.11.20","QUIC","618","Payload (Encrypted), PKN: 9"
"971","51.474805","192.168.11.20","216.58.194.174","QUIC","83","Payload (Encrypted), PKN: 12, CID: 17873693971506258213"
"972","51.474954","216.58.194.174","192.168.11.20","QUIC","70","Payload (Encrypted), PKN: 10"
"973","51.474959","216.58.194.174","192.168.11.20","QUIC","125","Payload (Encrypted), PKN: 11"
"974","51.475285","192.168.11.20","216.58.194.174","QUIC","80","Payload (Encrypted), PKN: 13, CID: 17873693971506258213"
"975","51.505863","172.217.6.46","192.168.11.20","QUIC","586","Payload (Encrypted), PKN: 18"
"976","51.505868","172.217.6.46","192.168.11.20","QUIC","70","Payload (Encrypted), PKN: 19"
"977","51.506250","192.168.11.20","172.217.6.46","QUIC","83","Payload (Encrypted), PKN: 22, CID: 7589620954702436015"
"978","51.529981","172.217.6.46","192.168.11.20","QUIC","256","Payload (Encrypted), PKN: 20"
"979","51.555519","192.168.11.20","172.217.6.46","QUIC","77","Payload (Encrypted), PKN: 23, CID: 7589620954702436015"
"980","51.608572","Buffalo_75:d5:82","Broadcast","ARP","42","Who has 192.168.11.129? Tell 192.168.11.1"
"981","52.324243","192.168.11.20","216.58.194.164","TLSv1.2","425","Application Data"
"982","52.329608","216.58.194.164","192.168.11.20","TCP","66","443  >  63837 [ACK] Seq=356111 Ack=7749 Win=87040 Len=0 TSval=270177757 TSecr=596235069"
"983","52.380065","216.58.194.164","192.168.11.20","TLSv1.2","282","Application Data"
"984","52.380072","216.58.194.164","192.168.11.20","TLSv1.2","359","Application Data, Application Data"
"985","52.380167","192.168.11.20","216.58.194.164","TCP","66","63837  >  443 [ACK] Seq=7749 Ack=356327 Win=130848 Len=0 TSval=596235123 TSecr=270177807"
"986","52.380168","192.168.11.20","216.58.194.164","TCP","66","63837  >  443 [ACK] Seq=7749 Ack=356620 Win=130560 Len=0 TSval=596235123 TSecr=270177807"
"987","52.380329","216.58.194.164","192.168.11.20","TLSv1.2","112","Application Data"
"988","52.380385","192.168.11.20","216.58.194.164","TCP","66","63837  >  443 [ACK] Seq=7749 Ack=356666 Win=131008 Len=0 TSval=596235123 TSecr=270177808"
"989","52.380714","192.168.11.20","216.58.194.164","TLSv1.2","112","Application Data"
"990","52.384487","216.58.194.164","192.168.11.20","TCP","66","443  >  63837 [ACK] Seq=356666 Ack=7795 Win=87040 Len=0 TSval=270177812 TSecr=596235123"
"991","52.519146","192.168.11.20","216.58.194.164","TLSv1.2","744","Application Data"
"992","52.523054","216.58.194.164","192.168.11.20","TCP","66","443  >  63837 [ACK] Seq=356666 Ack=8473 Win=89344 Len=0 TSval=270177951 TSecr=596235260"
"993","52.567916","216.58.194.164","192.168.11.20","TLSv1.2","281","Application Data"
"994","52.567923","216.58.194.164","192.168.11.20","TLSv1.2","326","Application Data"
"995","52.568060","192.168.11.20","216.58.194.164","TCP","66","63837  >  443 [ACK] Seq=8473 Ack=356881 Win=130848 Len=0 TSval=596235307 TSecr=270177995"
"996","52.568061","192.168.11.20","216.58.194.164","TCP","66","63837  >  443 [ACK] Seq=8473 Ack=357141 Win=130592 Len=0 TSval=596235307 TSecr=270177995"
"997","52.568401","216.58.194.164","192.168.11.20","TLSv1.2","104","Application Data"
"998","52.568486","192.168.11.20","216.58.194.164","TCP","66","63837  >  443 [ACK] Seq=8473 Ack=357179 Win=131008 Len=0 TSval=596235307 TSecr=270177996"
"999","52.568644","216.58.194.164","192.168.11.20","TLSv1.2","112","Application Data"
"1000","52.568713","192.168.11.20","216.58.194.164","TCP","66","63837  >  443 [ACK] Seq=8473 Ack=357225 Win=131008 Len=0 TSval=596235307 TSecr=270177996"
"1001","52.569088","192.168.11.20","216.58.194.164","TLSv1.2","112","Application Data"
"1002","52.572678","216.58.194.164","192.168.11.20","TCP","66","443  >  63837 [ACK] Seq=357225 Ack=8519 Win=89344 Len=0 TSval=270178000 TSecr=596235308"
"1003","52.631156","Buffalo_75:d5:82","Broadcast","ARP","42","Who has 192.168.11.129? Tell 192.168.11.1"
"1004","52.848195","192.168.11.20","216.58.194.164","TLSv1.2","368","Application Data"
"1005","52.853104","216.58.194.164","192.168.11.20","TCP","66","443  >  63837 [ACK] Seq=357225 Ack=8821 Win=91392 Len=0 TSval=270178281 TSecr=596235585"
"1006","52.977627","216.58.194.164","192.168.11.20","TLSv1.2","351","Application Data"
"1007","52.977688","192.168.11.20","216.58.194.164","TCP","66","63837  >  443 [ACK] Seq=8821 Ack=357510 Win=130784 Len=0 TSval=596235712 TSecr=270178405"
"1008","52.977941","216.58.194.164","192.168.11.20","TLSv1.2","1484","Application Data"
"1009","52.977987","192.168.11.20","216.58.194.164","TCP","66","63837  >  443 [ACK] Seq=8821 Ack=358928 Win=129632 Len=0 TSval=596235712 TSecr=270178405"
"1010","52.978147","216.58.194.164","192.168.11.20","TLSv1.2","1484","Application Data"
"1011","52.978151","216.58.194.164","192.168.11.20","TLSv1.2","1484","Application Data"
"1012","52.978194","192.168.11.20","216.58.194.164","TCP","66","63837  >  443 [ACK] Seq=8821 Ack=361764 Win=128224 Len=0 TSval=596235712 TSecr=270178405"
"1013","52.978279","192.168.11.20","216.58.194.164","TCP","66","[TCP Window Update] 63837  >  443 [ACK] Seq=8821 Ack=361764 Win=131072 Len=0 TSval=596235712 TSecr=270178405"
"1014","52.978351","216.58.194.164","192.168.11.20","TLSv1.2","1484","Application Data"
"1015","52.978356","216.58.194.164","192.168.11.20","TLSv1.2","1484","Application Data"
"1016","52.978397","192.168.11.20","216.58.194.164","TCP","66","63837  >  443 [ACK] Seq=8821 Ack=364600 Win=128224 Len=0 TSval=596235712 TSecr=270178405"
"1017","52.978450","216.58.194.164","192.168.11.20","TLSv1.2","1484","Application Data"
"1018","52.978452","216.58.194.164","192.168.11.20","TLSv1.2","1003","Application Data, Application Data"
"1019","52.978476","192.168.11.20","216.58.194.164","TCP","66","63837  >  443 [ACK] Seq=8821 Ack=366018 Win=126816 Len=0 TSval=596235712 TSecr=270178405"
"1020","52.978477","192.168.11.20","216.58.194.164","TCP","66","63837  >  443 [ACK] Seq=8821 Ack=366955 Win=125856 Len=0 TSval=596235712 TSecr=270178405"
"1021","52.978956","192.168.11.20","216.58.194.164","TCP","66","[TCP Window Update] 63837  >  443 [ACK] Seq=8821 Ack=366955 Win=131072 Len=0 TSval=596235713 TSecr=270178405"
"1022","52.996856","216.58.194.164","192.168.11.20","TLSv1.2","1484","Application Data"
"1023","52.996909","192.168.11.20","216.58.194.164","TCP","66","63837  >  443 [ACK] Seq=8821 Ack=368373 Win=129632 Len=0 TSval=596235730 TSecr=270178424"
"1024","52.997149","216.58.194.164","192.168.11.20","TLSv1.2","1484","Application Data"
"1025","52.997186","192.168.11.20","216.58.194.164","TCP","66","63837  >  443 [ACK] Seq=8821 Ack=369791 Win=129632 Len=0 TSval=596235730 TSecr=270178424"
"1026","52.999807","216.58.194.164","192.168.11.20","TLSv1.2","1484","Application Data"
"1027","53.000036","216.58.194.164","192.168.11.20","TLSv1.2","1484","Application Data"
"1028","53.000040","216.58.194.164","192.168.11.20","TLSv1.2","1484","Application Data"
"1029","53.000085","192.168.11.20","216.58.194.164","TCP","66","63837  >  443 [ACK] Seq=8821 Ack=372627 Win=128224 Len=0 TSval=596235732 TSecr=270178424"
"1030","53.000085","192.168.11.20","216.58.194.164","TCP","66","63837  >  443 [ACK] Seq=8821 Ack=374045 Win=126816 Len=0 TSval=596235732 TSecr=270178424"
"1031","53.000235","216.58.194.164","192.168.11.20","TLSv1.2","1484","Application Data"
"1032","53.000238","216.58.194.164","192.168.11.20","TLSv1.2","1484","Application Data"
"1033","53.000276","192.168.11.20","216.58.194.164","TCP","66","63837  >  443 [ACK] Seq=8821 Ack=376881 Win=123968 Len=0 TSval=596235732 TSecr=270178424"
"1034","53.000414","216.58.194.164","192.168.11.20","TLSv1.2","1484","Application Data"
"1035","53.000417","216.58.194.164","192.168.11.20","TLSv1.2","1484","Application Data"
"1036","53.000440","192.168.11.20","216.58.194.164","TCP","66","[TCP Window Update] 63837  >  443 [ACK] Seq=8821 Ack=376881 Win=131072 Len=0 TSval=596235732 TSecr=270178424"
"1037","53.000440","192.168.11.20","216.58.194.164","TCP","66","63837  >  443 [ACK] Seq=8821 Ack=379717 Win=128224 Len=0 TSval=596235732 TSecr=270178424"
"1038","53.000496","192.168.11.20","216.58.194.164","TCP","66","[TCP Window Update] 63837  >  443 [ACK] Seq=8821 Ack=379717 Win=131072 Len=0 TSval=596235732 TSecr=270178424"
"1039","53.000616","216.58.194.164","192.168.11.20","TLSv1.2","1484","Application Data"
"1040","53.000619","216.58.194.164","192.168.11.20","TLSv1.2","1484","Application Data"
"1041","53.000646","192.168.11.20","216.58.194.164","TCP","66","63837  >  443 [ACK] Seq=8821 Ack=382553 Win=128224 Len=0 TSval=596235732 TSecr=270178424"
"1042","53.000818","216.58.194.164","192.168.11.20","TLSv1.2","1203","Application Data"
"1043","53.000827","192.168.11.20","216.58.194.164","TCP","66","[TCP Window Update] 63837  >  443 [ACK] Seq=8821 Ack=382553 Win=131072 Len=0 TSval=596235732 TSecr=270178424"
"1044","53.000855","192.168.11.20","216.58.194.164","TCP","66","63837  >  443 [ACK] Seq=8821 Ack=383690 Win=129920 Len=0 TSval=596235733 TSecr=270178424"
"1045","53.001125","216.58.194.164","192.168.11.20","TLSv1.2","1484","Application Data"
"1046","53.001154","192.168.11.20","216.58.194.164","TCP","66","63837  >  443 [ACK] Seq=8821 Ack=385108 Win=129632 Len=0 TSval=596235733 TSecr=270178427"
"1047","53.001362","216.58.194.164","192.168.11.20","TLSv1.2","1484","Application Data"
"1048","53.001365","216.58.194.164","192.168.11.20","TLSv1.2","1484","Application Data"
"1049","53.001393","192.168.11.20","216.58.194.164","TCP","66","63837  >  443 [ACK] Seq=8821 Ack=387944 Win=126816 Len=0 TSval=596235733 TSecr=270178427"
"1050","53.001517","192.168.11.20","216.58.194.164","TCP","66","[TCP Window Update] 63837  >  443 [ACK] Seq=8821 Ack=387944 Win=131072 Len=0 TSval=596235733 TSecr=270178427"
"1051","53.001565","216.58.194.164","192.168.11.20","TLSv1.2","1484","Application Data"
"1052","53.001568","216.58.194.164","192.168.11.20","TLSv1.2","1484","Application Data"
"1053","53.001594","192.168.11.20","216.58.194.164","TCP","66","63837  >  443 [ACK] Seq=8821 Ack=390780 Win=128224 Len=0 TSval=596235733 TSecr=270178427"
"1054","53.001742","216.58.194.164","192.168.11.20","TLSv1.2","1140","Application Data"
"1055","53.001774","192.168.11.20","216.58.194.164","TCP","66","63837  >  443 [ACK] Seq=8821 Ack=391854 Win=127136 Len=0 TSval=596235733 TSecr=270178427"
"1056","53.001924","192.168.11.20","216.58.194.164","TCP","66","[TCP Window Update] 63837  >  443 [ACK] Seq=8821 Ack=391854 Win=131072 Len=0 TSval=596235734 TSecr=270178427"
"1057","53.348819","216.58.194.164","192.168.11.20","TLSv1.2","1484","Application Data"
"1058","53.348824","216.58.194.164","192.168.11.20","TLSv1.2","1484","Application Data"
"1059","53.348888","192.168.11.20","216.58.194.164","TCP","66","63837  >  443 [ACK] Seq=8821 Ack=393272 Win=129632 Len=0 TSval=596236079 TSecr=270178724"
"1060","53.348889","192.168.11.20","216.58.194.164","TCP","66","63837  >  443 [ACK] Seq=8821 Ack=394690 Win=128224 Len=0 TSval=596236079 TSecr=270178724"
"1061","53.348950","192.168.11.20","216.58.194.164","TCP","66","[TCP Window Update] 63837  >  443 [ACK] Seq=8821 Ack=394690 Win=131072 Len=0 TSval=596236079 TSecr=270178724"
"1062","53.349061","216.58.194.164","192.168.11.20","TLSv1.2","1484","Application Data"
"1063","53.349065","216.58.194.164","192.168.11.20","TLSv1.2","1484","Application Data"
"1064","53.349117","192.168.11.20","216.58.194.164","TCP","66","63837  >  443 [ACK] Seq=8821 Ack=396108 Win=129632 Len=0 TSval=596236079 TSecr=270178724"
"1065","53.349127","192.168.11.20","216.58.194.164","TCP","66","63837  >  443 [ACK] Seq=8821 Ack=397526 Win=131072 Len=0 TSval=596236079 TSecr=270178724"
"1066","53.349236","216.58.194.164","192.168.11.20","TLSv1.2","1484","Application Data"
"1067","53.349239","216.58.194.164","192.168.11.20","TLSv1.2","1484","Application Data"
"1068","53.349280","192.168.11.20","216.58.194.164","TCP","66","63837  >  443 [ACK] Seq=8821 Ack=398944 Win=129632 Len=0 TSval=596236079 TSecr=270178724"
"1069","53.349343","216.58.194.164","192.168.11.20","TLSv1.2","1484","Application Data"
"1070","53.349352","192.168.11.20","216.58.194.164","TCP","66","63837  >  443 [ACK] Seq=8821 Ack=400362 Win=131072 Len=0 TSval=596236079 TSecr=270178724"
"1071","53.349541","216.58.194.164","192.168.11.20","TLSv1.2","1484","Application Data"
"1072","53.349545","216.58.194.164","192.168.11.20","TLSv1.2","1484","Application Data"
"1073","53.349547","216.58.194.164","192.168.11.20","TLSv1.2","160","Application Data"
"1074","53.349591","192.168.11.20","216.58.194.164","TCP","66","63837  >  443 [ACK] Seq=8821 Ack=403198 Win=129632 Len=0 TSval=596236079 TSecr=270178724"
"1075","53.349592","192.168.11.20","216.58.194.164","TCP","66","63837  >  443 [ACK] Seq=8821 Ack=404616 Win=128224 Len=0 TSval=596236079 TSecr=270178724"
"1076","53.349592","192.168.11.20","216.58.194.164","TCP","66","63837  >  443 [ACK] Seq=8821 Ack=404710 Win=128128 Len=0 TSval=596236079 TSecr=270178724"
"1077","53.349699","216.58.194.164","192.168.11.20","TLSv1.2","1484","Application Data"
"1078","53.349702","216.58.194.164","192.168.11.20","TLSv1.2","1484","Application Data"
"1079","53.349747","192.168.11.20","216.58.194.164","TCP","66","[TCP Window Update] 63837  >  443 [ACK] Seq=8821 Ack=404710 Win=131072 Len=0 TSval=596236079 TSecr=270178724"
"1080","53.349747","192.168.11.20","216.58.194.164","TCP","66","63837  >  443 [ACK] Seq=8821 Ack=406128 Win=129632 Len=0 TSval=596236079 TSecr=270178731"
"1081","53.349776","192.168.11.20","216.58.194.164","TCP","66","63837  >  443 [ACK] Seq=8821 Ack=407546 Win=131072 Len=0 TSval=596236079 TSecr=270178731"
"1082","53.353119","216.58.194.164","192.168.11.20","TLSv1.2","1484","Application Data"
"1083","53.353163","192.168.11.20","216.58.194.164","TCP","66","63837  >  443 [ACK] Seq=8821 Ack=408964 Win=129632 Len=0 TSval=596236083 TSecr=270178731"
"1084","53.353812","216.58.194.164","192.168.11.20","TLSv1.2","1046","Application Data"
"1085","53.353850","192.168.11.20","216.58.194.164","TCP","66","63837  >  443 [ACK] Seq=8821 Ack=409944 Win=130080 Len=0 TSval=596236083 TSecr=270178731"
"1086","53.354085","216.58.194.164","192.168.11.20","TLSv1.2","1484","Application Data"
"1087","53.354089","216.58.194.164","192.168.11.20","TLSv1.2","1484","Application Data"
"1088","53.354123","192.168.11.20","216.58.194.164","TCP","66","63837  >  443 [ACK] Seq=8821 Ack=411362 Win=129632 Len=0 TSval=596236083 TSecr=270178751"
"1089","53.354177","192.168.11.20","216.58.194.164","TCP","66","63837  >  443 [ACK] Seq=8821 Ack=412780 Win=131072 Len=0 TSval=596236083 TSecr=270178751"
"1090","53.354238","216.58.194.164","192.168.11.20","TLSv1.2","1484","Application Data"
"1091","53.354240","216.58.194.164","192.168.11.20","TLSv1.2","1484","Application Data"
"1092","53.354270","192.168.11.20","216.58.194.164","TCP","66","63837  >  443 [ACK] Seq=8821 Ack=414198 Win=129632 Len=0 TSval=596236084 TSecr=270178751"
"1093","53.354278","192.168.11.20","216.58.194.164","TCP","66","63837  >  443 [ACK] Seq=8821 Ack=415616 Win=131072 Len=0 TSval=596236084 TSecr=270178751"
"1094","53.354360","216.58.194.164","192.168.11.20","TLSv1.2","1484","Application Data"
"1095","53.354571","216.58.194.164","192.168.11.20","TLSv1.2","1484","Application Data"
"1096","53.354573","216.58.194.164","192.168.11.20","TLSv1.2","1484","Application Data"
"1097","53.354605","192.168.11.20","216.58.194.164","TCP","66","63837  >  443 [ACK] Seq=8821 Ack=418452 Win=129632 Len=0 TSval=596236084 TSecr=270178751"
"1098","53.354616","192.168.11.20","216.58.194.164","TCP","66","63837  >  443 [ACK] Seq=8821 Ack=419870 Win=131072 Len=0 TSval=596236084 TSecr=270178751"
"1099","53.354665","216.58.194.164","192.168.11.20","TLSv1.2","1484","Application Data"
"1100","53.354839","216.58.194.164","192.168.11.20","TLSv1.2","1484","Application Data"
"1101","53.354841","216.58.194.164","192.168.11.20","TLSv1.2","1484","Application Data"
"1102","53.354863","192.168.11.20","216.58.194.164","TCP","66","63837  >  443 [ACK] Seq=8821 Ack=422706 Win=129632 Len=0 TSval=596236084 TSecr=270178751"
"1103","53.354909","192.168.11.20","216.58.194.164","TCP","66","63837  >  443 [ACK] Seq=8821 Ack=424124 Win=131072 Len=0 TSval=596236084 TSecr=270178751"
"1104","53.354977","216.58.194.164","192.168.11.20","TLSv1.2","1484","Application Data"
"1105","53.354980","216.58.194.164","192.168.11.20","TLSv1.2","980","Application Data"
"1106","53.355010","192.168.11.20","216.58.194.164","TCP","66","63837  >  443 [ACK] Seq=8821 Ack=426456 Win=128736 Len=0 TSval=596236084 TSecr=270178751"
"1107","53.355095","216.58.194.164","192.168.11.20","TLSv1.2","1484","Application Data"
"1108","53.355123","192.168.11.20","216.58.194.164","TCP","66","63837  >  443 [ACK] Seq=8821 Ack=427874 Win=129632 Len=0 TSval=596236084 TSecr=270178755"
"1109","53.355197","216.58.194.164","192.168.11.20","TLSv1.2","1484","Application Data"
"1110","53.355233","192.168.11.20","216.58.194.164","TCP","66","63837  >  443 [ACK] Seq=8821 Ack=429292 Win=131072 Len=0 TSval=596236084 TSecr=270178755"
"1111","53.355387","216.58.194.164","192.168.11.20","TLSv1.2","1484","Application Data"
"1112","53.355389","216.58.194.164","192.168.11.20","TLSv1.2","1484","Application Data"
"1113","53.355412","192.168.11.20","216.58.194.164","TCP","66","63837  >  443 [ACK] Seq=8821 Ack=430710 Win=129632 Len=0 TSval=596236085 TSecr=270178755"
"1114","53.355436","192.168.11.20","216.58.194.164","TCP","66","63837  >  443 [ACK] Seq=8821 Ack=432128 Win=131072 Len=0 TSval=596236085 TSecr=270178755"
"1115","53.355495","216.58.194.164","192.168.11.20","TLSv1.2","1484","Application Data"
"1116","53.355656","216.58.194.164","192.168.11.20","TLSv1.2","1484","Application Data"
"1117","53.355659","216.58.194.164","192.168.11.20","TLSv1.2","1484","Application Data"
"1118","53.355686","192.168.11.20","216.58.194.164","TCP","66","63837  >  443 [ACK] Seq=8821 Ack=434964 Win=129632 Len=0 TSval=596236085 TSecr=270178755"
"1119","53.355686","192.168.11.20","216.58.194.164","TCP","66","63837  >  443 [ACK] Seq=8821 Ack=436382 Win=128224 Len=0 TSval=596236085 TSecr=270178755"
"1120","53.355695","192.168.11.20","216.58.194.164","TCP","66","[TCP Window Update] 63837  >  443 [ACK] Seq=8821 Ack=436382 Win=131072 Len=0 TSval=596236085 TSecr=270178755"
"1121","53.355748","216.58.194.164","192.168.11.20","TLSv1.2","1484","Application Data"
"1122","53.356145","216.58.194.164","192.168.11.20","TLSv1.2","1484","Application Data"
"1123","53.356148","216.58.194.164","192.168.11.20","TLSv1.2","1484","Application Data"
"1124","53.356177","192.168.11.20","216.58.194.164","TCP","66","63837  >  443 [ACK] Seq=8821 Ack=439218 Win=129632 Len=0 TSval=596236085 TSecr=270178755"
"1125","53.356201","192.168.11.20","216.58.194.164","TCP","66","63837  >  443 [ACK] Seq=8821 Ack=440636 Win=131072 Len=0 TSval=596236085 TSecr=270178755"
"1126","53.356386","216.58.194.164","192.168.11.20","TLSv1.2","1484","Application Data"
"1127","53.356388","216.58.194.164","192.168.11.20","TLSv1.2","1209","Application Data"
"1128","53.356389","216.58.194.164","192.168.11.20","TLSv1.2","1484","Application Data"
"1129","53.356419","192.168.11.20","216.58.194.164","TCP","66","63837  >  443 [ACK] Seq=8821 Ack=443197 Win=128480 Len=0 TSval=596236086 TSecr=270178755"
"1130","53.356419","192.168.11.20","216.58.194.164","TCP","66","63837  >  443 [ACK] Seq=8821 Ack=444615 Win=127072 Len=0 TSval=596236086 TSecr=270178756"
"1131","53.356429","192.168.11.20","216.58.194.164","TCP","66","[TCP Window Update] 63837  >  443 [ACK] Seq=8821 Ack=444615 Win=131072 Len=0 TSval=596236086 TSecr=270178756"
"1132","53.356503","216.58.194.164","192.168.11.20","TLSv1.2","1484","Application Data"
"1133","53.356633","216.58.194.164","192.168.11.20","TLSv1.2","1081","Application Data"
"1134","53.356635","216.58.194.164","192.168.11.20","TLSv1.2","104","Application Data"
"1135","53.356635","216.58.194.164","192.168.11.20","TLSv1.2","112","Application Data"
"1136","53.356636","216.58.194.164","192.168.11.20","TCP","112","[TCP Retransmission] 443  >  63837 [PSH, ACK] Seq=447086 Ack=8821 Win=91392 Len=46 TSval=270178775 TSecr=596235734"
"1137","53.356666","192.168.11.20","216.58.194.164","TCP","66","63837  >  443 [ACK] Seq=8821 Ack=447048 Win=130048 Len=0 TSval=596236086 TSecr=270178756"
"1138","53.356667","192.168.11.20","216.58.194.164","TCP","66","63837  >  443 [ACK] Seq=8821 Ack=447086 Win=130016 Len=0 TSval=596236086 TSecr=270178756"
"1139","53.356676","192.168.11.20","216.58.194.164","TCP","66","63837  >  443 [ACK] Seq=8821 Ack=447132 Win=129952 Len=0 TSval=596236086 TSecr=270178756"
"1140","53.356676","192.168.11.20","216.58.194.164","TCP","78","[TCP Dup ACK 1139#1] 63837  >  443 [ACK] Seq=8821 Ack=447132 Win=129952 Len=0 TSval=596236086 TSecr=270178775 SLE=447086 SRE=447132"
"1141","53.356868","192.168.11.20","216.58.194.164","TLSv1.2","112","Application Data"
"1142","53.361807","216.58.194.164","192.168.11.20","TCP","66","443  >  63837 [ACK] Seq=447132 Ack=8867 Win=91392 Len=0 TSval=270178790 TSecr=596236086"
"1143","53.571588","192.168.11.20","216.58.194.164","TLSv1.2","254","Application Data"
"1144","53.577110","216.58.194.164","192.168.11.20","TCP","66","443  >  63837 [ACK] Seq=447132 Ack=9055 Win=93696 Len=0 TSval=270179004 TSecr=596236299"
"1145","53.608106","216.58.194.164","192.168.11.20","TLSv1.2","308","Application Data"
"1146","53.608168","192.168.11.20","216.58.194.164","TCP","66","63837  >  443 [ACK] Seq=9055 Ack=447374 Win=130816 Len=0 TSval=596236335 TSecr=270179036"
"1147","53.608420","216.58.194.164","192.168.11.20","TLSv1.2","1484","Application Data"
"1148","53.608452","192.168.11.20","216.58.194.164","TCP","66","63837  >  443 [ACK] Seq=9055 Ack=448792 Win=129632 Len=0 TSval=596236335 TSecr=270179036"
"1149","53.609187","216.58.194.164","192.168.11.20","TLSv1.2","1484","Application Data"
"1150","53.609191","216.58.194.164","192.168.11.20","TLSv1.2","913","Application Data"
"1151","53.609192","216.58.194.164","192.168.11.20","TLSv1.2","104","Application Data"
"1152","53.609193","216.58.194.164","192.168.11.20","TLSv1.2","112","Application Data"
"1153","53.609243","192.168.11.20","216.58.194.164","TCP","66","63837  >  443 [ACK] Seq=9055 Ack=451057 Win=128800 Len=0 TSval=596236336 TSecr=270179036"
"1154","53.609243","192.168.11.20","216.58.194.164","TCP","66","63837  >  443 [ACK] Seq=9055 Ack=451095 Win=128768 Len=0 TSval=596236336 TSecr=270179036"
"1155","53.609244","192.168.11.20","216.58.194.164","TCP","66","63837  >  443 [ACK] Seq=9055 Ack=451141 Win=128704 Len=0 TSval=596236336 TSecr=270179036"
"1156","53.610034","192.168.11.20","216.58.194.164","TLSv1.2","112","Application Data"
"1157","53.655246","Buffalo_75:d5:82","Broadcast","ARP","42","Who has 192.168.11.129? Tell 192.168.11.1"
"1158","53.656170","216.58.194.164","192.168.11.20","TCP","66","443  >  63837 [ACK] Seq=451141 Ack=9101 Win=93696 Len=0 TSval=270179044 TSecr=596236336"
"1159","53.686945","192.168.11.20","172.217.6.46","QUIC","195","Payload (Encrypted), PKN: 24, CID: 7589620954702436015"
"1160","53.686945","192.168.11.20","172.217.6.46","QUIC","169","Payload (Encrypted), PKN: 25, CID: 7589620954702436015"
"1161","53.693820","172.217.6.46","192.168.11.20","QUIC","78","Payload (Encrypted), PKN: 21"
"1162","54.167038","172.217.6.46","192.168.11.20","QUIC","589","Payload (Encrypted), PKN: 22"
"1163","54.167245","172.217.6.46","192.168.11.20","QUIC","70","Payload (Encrypted), PKN: 23"
"1164","54.167360","192.168.11.20","172.217.6.46","QUIC","83","Payload (Encrypted), PKN: 26, CID: 7589620954702436015"
"1165","54.168509","172.217.6.46","192.168.11.20","QUIC","276","Payload (Encrypted), PKN: 24"
"1166","54.194001","192.168.11.20","172.217.6.46","QUIC","77","Payload (Encrypted), PKN: 27, CID: 7589620954702436015"
"1167","54.679026","Buffalo_75:d5:82","Broadcast","ARP","42","Who has 192.168.11.129? Tell 192.168.11.1"
"1168","55.703384","Buffalo_75:d5:82","Broadcast","ARP","42","Who has 192.168.11.129? Tell 192.168.11.1"
"1169","56.729287","Buffalo_75:d5:82","Broadcast","ARP","42","Who has 192.168.11.129? Tell 192.168.11.1"
"1170","57.751024","Buffalo_75:d5:82","Broadcast","ARP","42","Who has 192.168.11.129? Tell 192.168.11.1"
"1171","58.331141","192.168.11.20","151.101.42.49","TLSv1.2","179","Application Data"
"1172","58.337080","151.101.42.49","192.168.11.20","TLSv1.2","275","Application Data"
"1173","58.337145","192.168.11.20","151.101.42.49","TCP","66","63739  >  443 [ACK] Seq=1018 Ack=7889 Win=4089 Len=0 TSval=596241059 TSecr=3673337710"
"1174","58.774852","Buffalo_75:d5:82","Broadcast","ARP","42","Who has 192.168.11.129? Tell 192.168.11.1"
"1175","58.922972","192.168.11.20","216.58.194.174","QUIC","118","Payload (Encrypted), PKN: 14, CID: 17873693971506258213"
"1176","58.923863","192.168.11.20","216.58.194.174","QUIC","1392","Payload (Encrypted), PKN: 15, CID: 17873693971506258213"
"1177","58.923864","192.168.11.20","216.58.194.174","QUIC","283","Payload (Encrypted), PKN: 16, CID: 17873693971506258213"
"1178","58.928265","216.58.194.174","192.168.11.20","QUIC","81","Payload (Encrypted), PKN: 12"
"1179","58.950704","216.58.194.174","192.168.11.20","QUIC","583","Payload (Encrypted), PKN: 13"
"1180","58.976773","192.168.11.20","216.58.194.174","QUIC","80","Payload (Encrypted), PKN: 17, CID: 17873693971506258213"
"1181","59.799044","Buffalo_75:d5:82","Broadcast","ARP","42","Who has 192.168.11.129? Tell 192.168.11.1"
"1182","60.822981","Buffalo_75:d5:82","Broadcast","ARP","42","Who has 192.168.11.129? Tell 192.168.11.1"
"1183","61.442869","192.168.11.20","74.125.28.189","QUIC","65","Payload (Encrypted), PKN: 113, CID: 10299038160135888930"
"1184","61.446156","192.168.11.20","216.58.194.170","QUIC","65","Payload (Encrypted), PKN: 9, CID: 5195815614173530682"
"1185","61.475414","216.58.194.170","192.168.11.20","QUIC","75","Payload (Encrypted), PKN: 8"
"1186","61.475418","74.125.28.189","192.168.11.20","QUIC","72","Payload (Encrypted), PKN: 140"
"1187","61.846754","Buffalo_75:d5:82","Broadcast","ARP","42","Who has 192.168.11.129? Tell 192.168.11.1"
"1188","62.668329","192.168.11.63","255.255.255.255","DB-LSP-DISC","236","Dropbox LAN sync Discovery Protocol"
"1189","62.670941","192.168.11.63","192.168.11.255","DB-LSP-DISC","236","Dropbox LAN sync Discovery Protocol"
"1190","62.870756","Buffalo_75:d5:82","Broadcast","ARP","42","Who has 192.168.11.129? Tell 192.168.11.1"
"1191","63.894949","Buffalo_75:d5:82","Broadcast","ARP","42","Who has 192.168.11.129? Tell 192.168.11.1"
"1192","64.277457","192.168.11.20","216.58.194.174","QUIC","169","Payload (Encrypted), PKN: 18, CID: 17873693971506258213"
"1193","64.278377","192.168.11.20","216.58.194.174","QUIC","1392","Payload (Encrypted), PKN: 19, CID: 17873693971506258213"
"1194","64.278378","192.168.11.20","216.58.194.174","QUIC","445","Payload (Encrypted), PKN: 20, CID: 17873693971506258213"
"1195","64.284778","216.58.194.174","192.168.11.20","QUIC","78","Payload (Encrypted), PKN: 14"
"1196","64.327296","216.58.194.174","192.168.11.20","QUIC","117","Payload (Encrypted), PKN: 15"
"1197","64.327560","216.58.194.174","192.168.11.20","QUIC","546","Payload (Encrypted), PKN: 16"
"1198","64.327661","192.168.11.20","216.58.194.174","QUIC","83","Payload (Encrypted), PKN: 21, CID: 17873693971506258213"
"1199","64.328777","216.58.194.174","192.168.11.20","QUIC","70","Payload (Encrypted), PKN: 17"
"1200","64.328992","216.58.194.174","192.168.11.20","QUIC","144","Payload (Encrypted), PKN: 18"
"1201","64.329050","192.168.11.20","216.58.194.174","QUIC","80","Payload (Encrypted), PKN: 22, CID: 17873693971506258213"
"1202","64.918806","Buffalo_75:d5:82","Broadcast","ARP","42","Who has 192.168.11.129? Tell 192.168.11.1"
"1203","66.343722","192.168.11.20","151.101.42.49","TLSv1.2","179","Application Data"
"1204","66.352138","151.101.42.49","192.168.11.20","TLSv1.2","288","Application Data"
"1205","66.352232","192.168.11.20","151.101.42.49","TCP","66","63739  >  443 [ACK] Seq=1131 Ack=8111 Win=4089 Len=0 TSval=596249068 TSecr=3673339713"
